    0.0827 
    0.0938 
   -0.1867 
   -0.6701 
    0.0440 
    0.0435 
   -0.0910 
    0.0223 
   -0.0633 
   -0.0231 
   -0.2970 
   -0.3529 
   -1.1249 
   -1.1249 
    0.0722 
   -0.0203 
   -0.4825 
   -0.7126 
   -0.2416 
   -0.0014 
   -0.3137 
   -0.0810 
    0.0534 
   -0.3435 
   -0.1853 
   -1.1249 
   -0.6581 
   -0.2431 
   -0.2733 
   -0.2258 
   -1.1249 
   -0.0173 
   -1.1249 
   -0.0233 
   -0.1463 
   -0.1463 
   -0.8882 
   -0.0604 
   -0.0483 
   -0.9074 
   -0.3086 
   -0.7437 
   -0.0609 
   -0.0397 
   -0.0337 
   -0.0080 
   -1.1249 
   -0.1380 
   -0.8988 
    0.1022 
   -0.0417 
   -0.7426 
   -1.1249 
    0.0540 
    0.0523 
   -0.2011 
   -0.3855 
   -0.0197 
   -0.0461 
   -0.7056 
   -1.1249 
   -1.0505 
    0.0695 
    0.0469 
   -0.6617 
   -0.9831 
   -0.8222 
   -1.0575 
    0.1410 
   -0.0303 
   -0.4681 
   -0.1799 
   -1.1249 
   -1.1249 
    0.2255 
    0.0150 
   -0.2469 
    0.1127 
    0.1300 
   -0.5925 
    0.0232 
   -0.7899 
   -0.0995 
    0.1048 
   -0.6226 
   -1.1249 
   -0.0473 
   -0.4998 
    0.0254 
   -0.0849 
   -1.1249 
   -0.8931 
   -1.1249 
    0.1705 
    0.2802 
    0.2802 
    0.0377 
    0.0893 
    0.1526 
    0.0720 
    0.0835 
    0.1751 
   -0.0636 
   -0.0588 
    0.1021 
    0.1621 
   -1.1249 
    0.0974 
    0.1007 
   -0.4906 
    0.0996 
   -0.0637 
   -1.1249 
   -0.9633 
   -0.6126 
    0.0509 
    0.0409 
   -0.0482 
    0.0797 
    0.1859 
   -1.1249 
    0.0811 
    0.0592 
   -0.6921 
   -0.9992 
   -0.7827 
   -1.0399 
    0.1499 
   -0.0153 
   -0.4380 
   -0.1598 
   -1.1249 
   -1.1249 
    0.2306 
    0.0285 
   -0.2245 
    0.1226 
    0.1393 
   -0.5582 
    0.0364 
   -0.7507 
   -0.0821 
    0.1151 
   -0.5874 
   -1.1249 
   -0.0317 
   -0.4686 
    0.0385 
   -0.0680 
   -1.1249 
   -0.8539 
   -1.1249 
    0.1782 
    0.2805 
    0.2805 
    0.0503 
    0.1001 
    0.1611 
    0.0835 
    0.0946 
    0.1826 
   -0.0475 
   -0.0428 
    0.1125 
    0.1701 
   -1.1249 
    0.1079 
    0.1111 
   -0.5184 
    0.1101 
   -0.0476 
   -1.1249 
   -0.9822 
   -0.5777 
    0.0631 
    0.0535 
   -0.0325 
    0.0909 
    0.1929 
   -1.1249 
   -0.5685 
   -0.0096 
   -0.0523 
   -0.0728 
    0.0325 
   -0.0087 
   -0.4720 
   -0.1869 
   -0.1530 
   -1.1249 
   -1.1249 
   -0.0774 
   -0.4786 
   -0.3029 
   -0.3258 
   -0.2393 
   -0.1476 
   -0.4218 
   -0.1007 
   -0.0708 
   -0.3748 
   -0.0349 
   -1.1249 
   -0.2696 
   -0.2689 
   -0.3510 
   -0.2920 
   -1.1249 
   -0.0122 
   -1.1249 
   -0.2907 
   -0.1255 
   -0.1255 
   -0.9049 
   -0.3794 
   -0.1597 
   -0.9115 
   -0.2956 
   -0.7142 
   -0.2210 
   -0.3147 
   -0.3020 
   -0.1733 
   -1.1249 
   -0.4148 
   -0.8912 
   -0.0362 
    0.0194 
   -0.7773 
   -1.1249 
    0.0159 
   -0.1914 
   -0.3178 
   -0.3069 
   -0.1619 
   -0.1693 
   -0.6750 
   -1.1249 
    0.0674 
    0.0087 
   -0.1710 
   -0.0377 
   -0.0441 
   -0.6779 
   -0.3268 
   -0.3730 
   -1.1249 
   -1.1249 
    0.0180 
   -0.7207 
   -0.5115 
   -0.5607 
   -0.4657 
   -0.2095 
   -0.6045 
   -0.1345 
    0.0870 
   -0.6311 
   -0.1855 
   -1.1249 
   -0.5016 
   -0.3132 
   -0.2863 
   -0.5325 
   -1.1249 
   -0.0859 
   -1.1249 
   -0.1183 
   -0.0929 
   -0.0929 
   -0.9223 
   -0.2956 
   -0.1435 
   -0.9073 
   -0.3523 
   -0.6643 
   -0.1102 
   -0.2397 
   -0.1536 
   -0.0470 
   -1.1249 
   -0.4169 
   -0.8690 
    0.0624 
    0.0220 
   -0.8319 
   -1.1249 
    0.0664 
   -0.1074 
   -0.3023 
   -0.6254 
   -0.0292 
   -0.0439 
   -0.6240 
   -1.1249 
   -0.0551 
    0.0771 
    0.0342 
   -0.0809 
    0.0942 
    0.0678 
    0.2330 
   -1.1249 
   -1.1249 
   -0.4548 
    0.0528 
    0.1449 
    0.1148 
    0.1053 
    0.0049 
    0.0902 
   -0.3312 
   -0.2280 
    0.0691 
    0.0304 
   -1.1249 
    0.1451 
   -0.1475 
   -0.0002 
    0.1014 
   -1.1249 
    0.0191 
   -1.1249 
   -0.1979 
    0.2592 
    0.2592 
    0.1789 
   -0.2277 
   -0.3136 
    0.1984 
   -0.0599 
    0.2515 
    0.0098 
   -0.1737 
   -0.0583 
   -0.2331 
   -1.1249 
   -0.0351 
    0.2141 
   -0.4836 
   -0.2118 
    0.1191 
   -1.1249 
   -0.1391 
   -0.1566 
   -0.2382 
    0.1041 
   -0.0642 
   -0.0844 
    0.2562 
   -1.1249 
   -0.2054 
   -0.4005 
    0.0827 
   -0.1351 
   -0.1511 
   -0.0083 
   -1.1249 
   -1.1249 
   -0.0597 
   -0.2153 
   -0.0946 
    0.0963 
    0.1045 
   -0.2673 
    0.0585 
   -0.6219 
   -0.1219 
    0.0434 
   -0.1467 
   -1.1249 
    0.0759 
   -0.3686 
    0.0562 
   -0.0050 
   -1.1249 
   -0.1874 
   -1.1249 
   -0.0729 
    0.2795 
    0.2795 
    0.0909 
   -0.0428 
   -0.0081 
    0.1201 
    0.0316 
    0.2060 
    0.0033 
   -0.1452 
    0.0162 
    0.0195 
   -1.1249 
    0.0075 
    0.1443 
   -0.2783 
    0.0383 
    0.0043 
   -1.1249 
    0.0186 
   -0.1727 
   -0.0032 
    0.0482 
   -0.0116 
    0.0484 
    0.2148 
   -1.1249 
   -0.6533 
    0.1253 
   -0.2146 
   -0.4599 
   -0.4972 
   -1.1249 
   -1.1249 
    0.1231 
   -0.2063 
   -0.3281 
   -0.0286 
   -0.0087 
   -0.3536 
   -0.1459 
   -1.1381 
    0.1617 
   -0.0315 
   -0.3941 
   -1.1249 
   -0.1651 
   -0.9015 
   -0.0253 
   -0.3133 
   -1.1249 
   -0.4259 
   -1.1249 
    0.0954 
    0.2582 
    0.2582 
   -0.1315 
    0.0259 
    0.1019 
   -0.0817 
   -0.0772 
    0.0702 
    0.0488 
   -0.1488 
    0.0708 
    0.1436 
   -1.1249 
    0.0293 
   -0.0400 
    0.0046 
    0.1458 
   -0.2781 
   -1.1249 
   -0.0531 
   -0.2285 
    0.0148 
   -0.1593 
    0.0839 
    0.1351 
    0.0866 
   -1.1249 
    0.1103 
   -0.0757 
   -0.3311 
   -0.2887 
   -1.1249 
   -1.1249 
    0.1052 
   -0.0859 
   -0.1709 
    0.0655 
    0.0636 
   -0.3140 
   -0.0293 
   -0.8573 
    0.1400 
    0.0692 
   -0.3242 
   -1.1249 
   -0.0569 
   -0.5551 
    0.0349 
   -0.1841 
   -1.1249 
   -0.4319 
   -1.1249 
    0.1241 
    0.2790 
    0.2790 
    0.0152 
    0.0726 
    0.1139 
    0.0517 
   -0.0515 
    0.1616 
    0.0914 
   -0.1521 
    0.1001 
    0.1428 
   -1.1249 
    0.0833 
    0.0821 
   -0.0678 
    0.1109 
   -0.0923 
   -1.1249 
   -0.1485 
   -0.3139 
    0.0347 
   -0.0341 
    0.1014 
    0.1492 
    0.1732 
   -1.1249 
   -0.0643 
   -0.0157 
    0.1104 
    0.2844 
    0.2844 
   -0.1224 
   -0.0594 
   -0.0174 
   -0.1914 
   -0.2579 
   -0.0936 
   -0.0922 
    0.0069 
   -0.0902 
   -0.1638 
    0.0139 
    0.2844 
   -0.1384 
   -0.1281 
   -0.0810 
   -0.0757 
    0.2844 
   -0.0400 
    0.2844 
   -0.0516 
   -0.2619 
   -0.2619 
   -0.7578 
   -0.1450 
   -0.2989 
   -0.8214 
   -0.2461 
   -0.8606 
   -0.0738 
   -0.0226 
   -0.1107 
   -0.1663 
    0.2844 
   -0.2334 
   -0.8650 
    0.0010 
   -0.6065 
   -0.5695 
    0.2844 
   -0.0605 
    0.0789 
   -0.2900 
   -0.0892 
   -0.0767 
   -0.2103 
   -0.8376 
    0.2844 
   -0.4650 
   -0.3501 
   -1.1249 
   -1.1249 
    0.0461 
   -0.2351 
   -0.5883 
   -0.5331 
   -0.0565 
   -0.2236 
   -0.3250 
   -0.2494 
   -0.0030 
   -0.2714 
   -0.0481 
   -1.1249 
   -0.6266 
   -0.4637 
   -0.4282 
   -0.6220 
   -1.1249 
   -0.1844 
   -1.1249 
   -0.1451 
   -0.0058 
   -0.0058 
   -0.8923 
   -0.0720 
   -0.0329 
   -0.8229 
   -0.3110 
   -0.5122 
   -0.0730 
   -0.0924 
   -0.0736 
   -0.0324 
   -1.1249 
   -0.1197 
   -0.7495 
    0.0643 
    0.0078 
   -0.9559 
   -1.1249 
    0.0320 
   -0.1058 
   -0.2279 
   -0.0946 
   -0.1569 
   -0.0842 
   -0.4733 
   -1.1249 
   -0.3731 
   -1.1249 
   -1.1249 
    0.0990 
   -0.3353 
   -0.7419 
   -0.2332 
   -0.1873 
   -0.8121 
   -0.3637 
   -0.8952 
    0.0901 
   -0.2418 
   -0.8280 
   -1.1249 
   -0.4839 
   -1.1286 
   -0.1758 
   -0.5125 
   -1.1249 
   -0.7108 
   -1.1249 
    0.0512 
    0.2036 
    0.2036 
   -0.3568 
   -0.0562 
    0.0166 
   -0.2875 
   -0.1334 
   -0.0759 
   -0.1322 
   -0.1018 
   -0.0296 
    0.0631 
   -1.1249 
   -0.1356 
   -0.2296 
    0.0711 
    0.0188 
   -0.5606 
   -1.1249 
    0.0511 
   -0.0854 
   -0.1128 
   -0.3634 
   -0.0406 
   -0.0113 
   -0.0529 
   -1.1249 
   -1.1249 
   -1.1249 
    0.2302 
   -0.2891 
   -0.5143 
   -0.2938 
   -0.2271 
   -0.1655 
   -0.3107 
   -0.4733 
    0.2191 
   -0.2741 
   -0.3018 
   -1.1249 
   -0.4257 
   -0.7525 
   -0.0448 
   -0.4356 
   -1.1249 
   -0.2099 
   -1.1249 
    0.1315 
    0.1009 
    0.1009 
   -0.6815 
    0.0700 
    0.1385 
   -0.5914 
   -0.0648 
   -0.3015 
    0.0279 
   -0.0086 
    0.0802 
    0.1784 
   -1.1249 
   -0.0177 
   -0.5135 
    0.2366 
    0.1702 
   -0.9096 
   -1.1249 
    0.2297 
   -0.0340 
    0.0529 
   -0.4095 
    0.1081 
    0.1435 
   -0.2693 
   -1.1249 
   -1.1249 
    0.2844 
   -1.1249 
   -1.1249 
    0.2844 
    0.2844 
   -1.1249 
   -1.1249 
   -1.1249 
   -1.1249 
    0.2844 
   -1.1249 
   -1.1249 
   -1.1249 
   -1.1249 
   -1.1249 
   -1.1249 
   -1.1249 
   -1.1249 
   -1.1249 
    0.2844 
    0.2844 
    0.2844 
   -1.1249 
   -1.1249 
    0.2844 
   -1.1249 
   -1.1249 
    0.2844 
   -1.1249 
   -1.1249 
    0.2844 
    0.2844 
   -1.1249 
    0.2844 
    0.2844 
   -1.1249 
    0.2844 
   -1.1249 
   -1.1249 
   -1.1249 
   -1.1249 
   -1.1249 
   -1.1249 
   -1.1249 
   -1.1249 
    0.2844 
   -1.1249 
    0.2844 
   -1.1249 
   -1.1249 
    0.2844 
    0.2844 
   -1.1249 
   -1.1249 
   -1.1249 
   -1.1249 
    0.2844 
   -1.1249 
   -1.1249 
   -1.1249 
   -1.1249 
   -1.1249 
   -1.1249 
   -1.1249 
   -1.1249 
   -1.1249 
    0.2844 
    0.2844 
    0.2844 
   -1.1249 
   -1.1249 
    0.2844 
   -1.1249 
   -1.1249 
    0.2844 
   -1.1249 
   -1.1249 
    0.2844 
    0.2844 
   -1.1249 
    0.2844 
    0.2844 
   -1.1249 
    0.2844 
   -1.1249 
   -1.1249 
   -1.1249 
   -1.1249 
   -1.1249 
   -1.1249 
   -1.1249 
   -1.1249 
    0.2844 
   -1.1249 
    0.0120 
    0.1428 
    0.0690 
    0.0436 
    0.0134 
    0.0486 
    0.1407 
   -0.3216 
    0.0527 
    0.0897 
    0.2844 
    0.1183 
    0.0487 
   -0.0985 
    0.0716 
    0.2844 
    0.0753 
    0.2844 
   -0.2912 
   -0.5652 
   -0.5652 
   -0.4376 
   -0.3178 
   -0.3636 
   -0.5112 
   -0.1118 
   -0.7993 
   -0.0500 
   -0.2208 
   -0.1787 
   -0.3270 
    0.2844 
   -0.1421 
   -0.5815 
   -0.3553 
   -0.2170 
   -0.2724 
    0.2844 
   -0.1549 
   -0.1742 
   -0.3641 
    0.0871 
   -0.1243 
   -0.1805 
   -0.8313 
    0.2844 
   -0.4185 
   -0.3538 
   -0.0111 
   -0.2295 
   -0.0236 
   -0.1819 
   -0.0808 
   -0.0305 
   -0.1357 
   -1.1249 
   -0.4336 
   -0.3753 
   -0.2732 
   -0.3752 
   -1.1249 
   -0.0862 
   -1.1249 
   -0.1531 
   -0.0532 
   -0.0532 
   -0.9244 
   -0.0282 
    0.0138 
   -0.8823 
   -0.4047 
   -0.5978 
   -0.0266 
   -0.1073 
   -0.0287 
    0.0307 
   -1.1249 
   -0.0687 
   -0.8248 
   -0.0032 
   -0.0048 
   -0.8958 
   -1.1249 
    0.0251 
   -0.0677 
   -0.2551 
   -0.0346 
   -0.0772 
    0.0011 
   -0.5575 
   -1.1249 
   -0.4111 
   -0.3274 
   -0.5059 
   -0.5051 
   -0.5740 
    0.1147 
   -0.4183 
   -0.6274 
   -1.1249 
   -0.6941 
   -0.8741 
   -0.2087 
   -0.5924 
   -1.1249 
   -0.4295 
   -1.1249 
    0.0439 
    0.1332 
    0.1332 
   -0.5892 
   -0.0795 
    0.0184 
   -0.5029 
   -0.1310 
   -0.2336 
   -0.1583 
   -0.0707 
   -0.0406 
    0.0688 
   -1.1249 
   -0.1850 
   -0.4297 
    0.1631 
    0.0419 
   -0.8268 
   -1.1249 
    0.1214 
   -0.0264 
   -0.1087 
   -0.5484 
   -0.0336 
   -0.0149 
   -0.2040 
   -1.1249 
   -0.6534 
   -0.1355 
   -0.5816 
   -0.0360 
    0.0726 
   -0.6547 
   -0.1551 
    0.2844 
   -0.6258 
   -0.1843 
   -0.2587 
   -0.4308 
    0.2844 
   -0.0548 
    0.2844 
   -0.0606 
   -0.2003 
   -0.2003 
   -0.8322 
   -0.1639 
   -0.1163 
   -0.8774 
   -0.2866 
   -0.8087 
   -0.1602 
   -0.0596 
   -0.1519 
   -0.0534 
    0.2844 
   -0.3932 
   -0.8968 
    0.1278 
   -0.0808 
   -0.6571 
    0.2844 
    0.0875 
    0.0561 
   -0.2169 
   -0.6236 
   -0.0656 
   -0.1179 
   -0.7759 
    0.2844 
    0.0090 
   -0.4248 
   -0.0098 
    0.0972 
   -0.4579 
    0.0002 
    0.2844 
   -0.5540 
   -0.1500 
   -0.1768 
   -0.3252 
    0.2844 
   -0.0105 
    0.2844 
   -0.0058 
   -0.2365 
   -0.2365 
   -0.7890 
   -0.1246 
   -0.1192 
   -0.8464 
   -0.3260 
   -0.8423 
   -0.0829 
   -0.0198 
   -0.0998 
   -0.0238 
    0.2844 
   -0.2888 
   -0.8811 
    0.1434 
   -0.1258 
   -0.6043 
    0.2844 
    0.0643 
    0.0720 
   -0.2608 
   -0.4094 
   -0.0062 
   -0.0930 
   -0.8148 
    0.2844 
   -0.0931 
   -1.0425 
   -0.0554 
   -0.0742 
   -0.1431 
   -1.1249 
   -0.3184 
   -1.1112 
   -0.1720 
   -0.3382 
   -1.1249 
   -0.3752 
   -1.1249 
   -0.0511 
    0.2282 
    0.2282 
   -0.2639 
   -0.0530 
   -0.0263 
   -0.2025 
   -0.1455 
   -0.0151 
   -0.0663 
   -0.1057 
   -0.0342 
   -0.0004 
   -1.1249 
   -0.0763 
   -0.1512 
   -0.0635 
   -0.0923 
   -0.4450 
   -1.1249 
    0.0082 
   -0.1171 
   -0.1488 
   -0.0480 
   -0.1236 
   -0.0337 
    0.0053 
   -1.1249 
   -0.1698 
    0.0446 
   -0.5482 
   -0.1091 
   -1.1249 
   -0.6252 
   -0.3594 
   -0.4854 
   -0.6369 
   -1.1249 
   -0.1074 
   -1.1249 
   -0.1464 
   -0.0627 
   -0.0627 
   -0.9261 
   -0.2000 
   -0.0862 
   -0.8905 
   -0.3129 
   -0.6143 
   -0.2783 
   -0.1403 
   -0.2729 
   -0.1220 
   -1.1249 
   -0.4375 
   -0.8372 
    0.0862 
   -0.0143 
   -0.8811 
   -1.1249 
   -0.0024 
   -0.0438 
   -0.2279 
   -0.6696 
   -0.1827 
   -0.1843 
   -0.5739 
   -1.1249 
   -0.3526 
   -0.0478 
   -1.0704 
   -1.1249 
   -0.2747 
   -0.9366 
   -0.1665 
   -0.3308 
   -1.1249 
   -1.1067 
   -1.1249 
    0.0524 
    0.2548 
    0.2548 
   -0.1482 
   -0.0712 
    0.0247 
   -0.0969 
   -0.0798 
    0.0595 
   -0.2991 
   -0.2918 
   -0.0519 
    0.0393 
   -1.1249 
   -0.0590 
   -0.0540 
   -0.2058 
   -0.0556 
   -0.2992 
   -1.1249 
   -0.5971 
   -1.0615 
   -0.1285 
   -0.1433 
   -0.2760 
   -0.0855 
    0.0765 
   -1.1249 
    0.0328 
   -0.0275 
   -1.1249 
    0.1091 
   -0.5984 
   -0.1646 
    0.0766 
   -1.1249 
    0.0123 
   -1.1249 
   -0.3565 
    0.0510 
    0.0510 
   -0.8013 
   -0.1667 
   -0.1482 
   -0.7134 
    0.0069 
   -0.4027 
   -0.2427 
   -0.1095 
   -0.2527 
   -0.3051 
   -1.1249 
   -0.1366 
   -0.6330 
   -0.2330 
   -0.1935 
   -0.9732 
   -1.1249 
   -0.0639 
   -0.0794 
   -0.1307 
    0.0768 
   -0.3811 
   -0.3362 
   -0.3669 
   -1.1249 
   -0.0670 
    0.2844 
   -0.5999 
   -0.1998 
   -0.3144 
   -0.4183 
    0.2844 
   -0.0567 
    0.2844 
   -0.1342 
   -0.1852 
   -0.1852 
   -0.8492 
   -0.2244 
   -0.1601 
   -0.8882 
   -0.2888 
   -0.7922 
   -0.1935 
   -0.1091 
   -0.1939 
   -0.1190 
    0.2844 
   -0.4060 
   -0.9002 
    0.0764 
   -0.0778 
   -0.6803 
    0.2844 
    0.0587 
    0.0037 
   -0.2070 
   -0.5633 
   -0.1141 
   -0.1432 
   -0.7576 
    0.2844 
   -1.1249 
   -0.3826 
   -1.0924 
   -0.1988 
   -0.1889 
   -1.1249 
   -0.2668 
   -1.1249 
    0.0318 
    0.2331 
    0.2331 
   -0.2442 
    0.0350 
    0.0552 
   -0.1845 
   -0.0489 
   -0.0023 
   -0.0754 
   -0.0352 
    0.0136 
    0.0474 
   -1.1249 
   -0.0169 
   -0.1346 
    0.0404 
    0.0053 
   -0.4202 
   -1.1249 
    0.0305 
   -0.0072 
   -0.0241 
   -0.1563 
   -0.0638 
   -0.0118 
    0.0175 
   -1.1249 
   -1.1249 
   -1.1249 
   -1.1249 
   -1.1249 
   -1.1249 
   -1.1249 
   -1.1249 
    0.2844 
    0.2844 
    0.2844 
   -1.1249 
   -1.1249 
    0.2844 
   -1.1249 
   -1.1249 
    0.2844 
   -1.1249 
   -1.1249 
    0.2844 
    0.2844 
   -1.1249 
    0.2844 
    0.2844 
   -1.1249 
    0.2844 
   -1.1249 
   -1.1249 
   -1.1249 
   -1.1249 
   -1.1249 
   -1.1249 
   -1.1249 
   -1.1249 
    0.2844 
   -1.1249 
   -0.4968 
   -0.2720 
   -0.6113 
   -1.1249 
   -0.2363 
   -1.1249 
    0.0220 
    0.0096 
    0.0096 
   -0.8731 
   -0.0811 
   -0.0249 
   -0.7968 
   -0.2344 
   -0.4831 
   -0.1780 
   -0.0312 
   -0.1036 
    0.0239 
   -1.1249 
   -0.3153 
   -0.7203 
    0.1677 
   -0.0396 
   -0.9683 
   -1.1249 
    0.0935 
    0.0549 
   -0.1643 
   -0.6924 
   -0.0594 
   -0.0866 
   -0.4449 
   -1.1249 
   -0.3551 
   -0.5701 
   -1.1249 
   -0.8213 
   -1.1249 
   -0.0684 
    0.2106 
    0.2106 
   -0.3311 
   -0.2303 
   -0.1047 
   -0.2640 
   -0.2416 
   -0.0590 
   -0.5286 
   -0.5192 
   -0.2051 
   -0.0857 
   -1.1249 
   -0.2144 
   -0.2078 
   -0.0521 
   -0.2100 
   -0.5288 
   -1.1249 
   -0.3497 
   -1.0991 
   -0.3054 
   -0.3247 
   -0.4985 
   -0.2490 
   -0.0367 
   -1.1249 
   -0.3743 
   -1.1249 
   -0.0587 
   -1.1249 
   -0.3717 
   -0.0654 
   -0.0654 
   -0.9263 
   -0.2735 
   -0.1194 
   -0.8925 
   -0.2187 
   -0.6189 
   -0.4964 
   -0.2033 
   -0.6014 
   -0.3480 
   -1.1249 
   -0.5682 
   -0.8404 
   -0.0080 
   -0.0574 
   -0.8768 
   -1.1249 
   -0.1020 
   -0.1005 
   -0.2496 
   -0.3642 
   -0.4597 
   -0.4165 
   -0.5784 
   -1.1249 
   -1.1249 
   -0.2659 
   -1.1249 
   -0.0890 
    0.0403 
    0.0403 
   -0.8226 
   -0.1600 
   -0.0620 
   -0.7368 
   -0.3083 
   -0.4238 
   -0.1948 
   -0.1872 
   -0.1990 
   -0.0719 
   -1.1249 
   -0.3527 
   -0.6568 
    0.0605 
    0.0013 
   -0.9764 
   -1.1249 
   -0.0503 
   -0.1071 
   -0.1722 
   -0.5780 
   -0.1209 
   -0.0885 
   -0.3873 
   -1.1249 
   -1.1249 
   -1.1249 
    0.2844 
    0.2844 
    0.2844 
   -1.1249 
   -1.1249 
    0.2844 
   -1.1249 
   -1.1249 
    0.2844 
   -1.1249 
   -1.1249 
    0.2844 
    0.2844 
   -1.1249 
    0.2844 
    0.2844 
   -1.1249 
    0.2844 
   -1.1249 
   -1.1249 
   -1.1249 
   -1.1249 
   -1.1249 
   -1.1249 
   -1.1249 
   -1.1249 
    0.2844 
   -1.1249 
   -1.1249 
    0.0485 
    0.2649 
    0.2649 
   -0.0955 
   -0.0083 
    0.0090 
   -0.0489 
   -0.0286 
    0.0930 
   -0.0861 
   -0.0720 
    0.0035 
    0.0339 
   -1.1249 
   -0.0408 
   -0.0099 
   -0.0124 
   -0.0318 
   -0.2326 
   -1.1249 
    0.0035 
   -0.0992 
   -0.0157 
   -0.1135 
   -0.0484 
    0.0126 
    0.1083 
   -1.1249 
    0.2844 
    0.2844 
    0.2844 
   -1.1249 
   -1.1249 
    0.2844 
   -1.1249 
   -1.1249 
    0.2844 
   -1.1249 
   -1.1249 
    0.2844 
    0.2844 
   -1.1249 
    0.2844 
    0.2844 
   -1.1249 
    0.2844 
   -1.1249 
   -1.1249 
   -1.1249 
   -1.1249 
   -1.1249 
   -1.1249 
   -1.1249 
   -1.1249 
    0.2844 
   -1.1249 
   -0.3418 
   -0.3418 
   -0.6611 
   -0.4173 
   -0.2793 
   -0.7354 
   -0.1520 
   -0.8894 
   -0.2814 
   -0.3087 
   -0.4620 
   -0.5057 
    0.2844 
   -0.3687 
   -0.7970 
   -0.2460 
   -0.0853 
   -0.4719 
    0.2844 
   -0.1384 
   -0.2233 
   -0.2483 
   -0.0811 
   -0.3616 
   -0.3246 
   -0.8831 
    0.2844 
    0.2844 
   -0.0808 
   -0.1573 
   -0.2912 
   -0.1293 
   -0.1477 
   -0.3560 
    0.0235 
    0.0195 
   -0.1801 
   -0.3169 
    0.2844 
   -0.1715 
   -0.1775 
    0.2367 
   -0.1755 
    0.0236 
    0.2844 
    0.2788 
    0.2315 
   -0.0984 
   -0.0850 
    0.0104 
   -0.1414 
   -0.3920 
    0.2844 
    0.2844 
    0.2844 
    0.2844 
    0.2844 
    0.2844 
    0.2844 
    0.2844 
    0.2844 
    0.2844 
    0.2844 
    0.2844 
    0.2844 
    0.2844 
    0.2844 
    0.2844 
    0.2844 
    0.2844 
    0.2844 
    0.2844 
    0.2844 
    0.2844 
    0.2844 
    0.2844 
    0.2844 
    0.2844 
   -0.8781 
   -0.7218 
   -0.9021 
   -0.8870 
   -0.6446 
   -0.8522 
   -0.8586 
   -0.8548 
   -0.6906 
   -1.1249 
   -0.8639 
   -0.8575 
    0.2145 
   -0.8596 
   -0.8520 
   -1.1249 
    0.0986 
   -0.2507 
   -0.9203 
   -0.9246 
   -0.8720 
   -0.8925 
   -0.6042 
   -1.1249 
   -0.4478 
   -0.9034 
   -0.3436 
   -0.7582 
   -0.1445 
   -0.3477 
   -0.3197 
   -0.3656 
   -1.1249 
   -0.3708 
   -0.9008 
   -0.2629 
   -0.1675 
   -0.7246 
   -1.1249 
   -0.1037 
   -0.2565 
   -0.5150 
   -0.1339 
   -0.1772 
   -0.2034 
   -0.7210 
   -1.1249 
   -0.7907 
   -0.2802 
   -0.8762 
   -0.0585 
   -0.2430 
   -0.1832 
   -0.3349 
    0.2844 
   -0.2933 
   -0.8424 
   -0.2626 
   -0.3483 
   -0.5317 
    0.2844 
   -0.1011 
   -0.1272 
   -0.4665 
   -0.0686 
   -0.0978 
   -0.1605 
   -0.8589 
    0.2844 
   -0.9070 
   -0.7198 
   -0.7710 
   -0.7787 
   -0.8914 
   -0.7628 
   -1.1249 
   -0.8964 
   -0.8930 
    0.2292 
   -0.8941 
   -0.7708 
   -1.1249 
    0.1270 
   -0.1904 
   -0.9090 
   -0.9042 
   -0.7955 
   -0.9088 
   -0.6808 
   -1.1249 
   -0.7454 
   -0.0399 
   -0.3479 
   -0.1987 
   -0.1487 
   -1.1249 
   -0.4212 
   -0.8991 
   -0.0672 
   -0.1850 
   -0.7404 
   -1.1249 
   -0.1910 
   -0.1444 
   -0.4910 
   -0.2776 
   -0.0378 
   -0.1062 
   -0.7075 
   -1.1249 
   -0.4565 
   -0.4642 
   -0.7864 
   -0.8850 
    0.2844 
   -0.7761 
   -0.7834 
    0.2654 
   -0.7810 
   -0.4563 
    0.2844 
    0.2103 
   -0.0065 
   -0.6730 
   -0.6516 
   -0.4816 
   -0.7369 
   -0.8870 
    0.2844 
   -0.0549 
   -0.4481 
   -0.2857 
   -1.1249 
   -0.3020 
   -0.6924 
    0.0179 
   -0.0717 
   -0.9749 
   -1.1249 
   -0.0048 
   -0.0228 
   -0.1013 
   -0.1828 
   -0.5492 
   -0.4920 
   -0.4190 
   -1.1249 
   -0.2071 
   -0.1971 
   -1.1249 
   -0.2403 
   -0.7007 
   -0.3134 
   -0.0374 
   -0.9735 
   -1.1249 
   -0.2004 
   -0.4255 
   -0.3420 
   -0.0972 
   -0.0939 
   -0.0626 
   -0.4266 
   -1.1249 
   -0.4374 
    0.2844 
   -0.4796 
   -0.9009 
   -0.0903 
   -0.1129 
   -0.6882 
    0.2844 
   -0.1404 
   -0.1317 
   -0.2554 
   -0.1618 
   -0.4820 
   -0.4729 
   -0.7512 
    0.2844 
    0.2844 
   -0.3500 
   -0.8201 
   -0.2354 
   -0.2198 
   -0.5005 
    0.2844 
   -0.1714 
   -0.1273 
   -0.2684 
   -0.0643 
   -0.3999 
   -0.3963 
   -0.8732 
    0.2844 
    0.2844 
    0.2844 
   -1.1249 
    0.2844 
   -1.1249 
   -1.1249 
   -1.1249 
   -1.1249 
   -1.1249 
   -1.1249 
   -1.1249 
   -1.1249 
    0.2844 
   -1.1249 
   -0.9015 
   -0.0510 
   -0.1910 
   -0.7018 
    0.2844 
   -0.0902 
   -0.1191 
   -0.4424 
   -0.3258 
   -0.3020 
   -0.3529 
   -0.7401 
    0.2844 
    0.2407 
   -0.9013 
   -0.6922 
    0.2844 
    0.1505 
   -0.1400 
   -0.8737 
   -0.8618 
   -0.7189 
   -0.8974 
   -0.7480 
    0.2844 
   -0.0817 
    0.1675 
   -1.1249 
   -0.2182 
   -0.3579 
   -0.1519 
    0.1002 
   -0.0633 
   -0.0302 
    0.2680 
   -1.1249 
   -0.6954 
    0.2844 
   -0.0862 
    0.0623 
   -0.2942 
   -0.0093 
   -0.1024 
   -0.2381 
   -0.7454 
    0.2844 
   -1.1249 
    0.0142 
   -0.4284 
   -0.8227 
   -0.8450 
   -0.9687 
   -0.7507 
   -0.4188 
   -1.1249 
   -1.1249 
   -1.1249 
   -1.1249 
   -1.1249 
   -1.1249 
   -1.1249 
    0.2844 
   -1.1249 
   -0.1795 
   -0.1120 
    0.0254 
   -0.0846 
   -0.0731 
    0.2188 
   -1.1249 
   -0.1558 
   -0.0060 
   -0.0581 
    0.0093 
    0.0135 
   -1.1249 
   -0.1677 
   -0.1061 
   -0.2161 
   -0.6329 
   -1.1249 
   -0.1030 
   -0.0999 
   -0.6112 
   -1.1249 
   -0.5232 
   -0.4435 
   -1.1249 
   -0.6986 
   -1.1249 
    0.2844 
