-2814.9539    -0.2098 
-7419.6714    -0.2411 
 2608.6003     0.3494 
 6662.8955     0.7862 
 -679.4436    -0.1067 
 -875.5633    -0.1054 
 1097.4128     0.1890 
 -579.4155    -0.0528 
 2919.0413     0.1356 
  947.6582     0.0518 
 1850.8750     0.4953 
 4413.6006     0.5563 
   66.6000     0.9250 
  141.5250     0.9250 
-1143.4265    -0.1810 
 1060.3918     0.0457 
 7112.6655     0.6708 
14583.4238     0.8062 
 5799.9536     0.4266 
   36.2037     0.0032 
 4052.0554     0.5144 
 1209.6543     0.1701 
 -876.7670    -0.1308 
 4721.4058     0.5466 
 3823.2649     0.3474 
  935.1750     0.9250 
 5216.1572     0.7803 
 2056.3340     0.4287 
 2209.0898     0.4671 
 3452.4453     0.4055 
  208.1250     0.9250 
  264.1703     0.0390 
  209.5125     0.9250 
  397.1144     0.0522 
  471.2678     0.2861 
    0.0000     0.0000 
 1887.2787     0.8706 
 1183.5477     0.1299 
 1148.6143     0.1053 
 9089.5889     0.8762 
 3688.5112     0.5086 
 4729.8521     0.8196 
 1890.4452     0.1309 
  522.7527     0.0874 
  735.9785     0.0747 
  176.2729     0.0182 
  491.1750     0.9250 
 2551.8347     0.2723 
 2301.8113     0.8738 
-1607.0272    -0.2654 
 2631.6377     0.0916 
 2428.1213     0.8191 
 1040.6250     0.9250 
-2464.7522    -0.1324 
-1111.9722    -0.1280 
 1034.1769     0.3707 
 5297.6270     0.5883 
  706.0139     0.0443 
  644.4235     0.1007 
 7401.9526     0.8030 
 1565.1000     0.9250 
22698.4785     0.9110 
-1693.2539    -0.1736 
-1443.9188    -0.1139 
 1450.8177     0.7821 
 4388.1890     0.8960 
 5596.5093     0.8494 
10380.4854     0.9124 
-5111.2310    -0.3834 
  782.7751     0.0674 
 3887.8145     0.6597 
 1453.5018     0.3392 
 1354.2000     0.9250 
 2877.6750     0.9250 
-1017.4905    -0.6805 
 -248.3949    -0.0352 
 5541.6108     0.4336 
-9592.4717    -0.2962 
-7186.9453    -0.3489 
 6703.4126     0.7444 
 -694.3574    -0.0548 
 4822.6689     0.8378 
   54.8950     0.2047 
-3448.3672    -0.2730 
 8074.5527     0.7616 
19015.2246     0.9250 
  974.5310     0.1032 
 2654.7107     0.6837 
 -404.8333    -0.0602 
 1968.6649     0.1776 
 4231.8750     0.9250 
 8760.7637     0.8721 
 4260.0874     0.9250 
-2548.2388    -0.4809 
-1208.8467    -0.9065 
    0.0000     0.0000 
 -158.9783    -0.0906 
-2237.6934    -0.2282 
-3274.1523    -0.4211 
-1515.2638    -0.1804 
-2283.7544    -0.2120 
-2320.2644    -0.4966 
 1906.5502     0.1363 
  622.8350     0.1266 
-2754.3916    -0.2650 
-2739.6165    -0.4523 
 9987.2246     0.9250 
-3589.4033    -0.2513 
 -556.5483    -0.2610 
 1720.6561     0.6768 
-3359.2676    -0.2578 
  327.5650     0.1365 
21159.3750     0.9250 
 1846.5826     0.8912 
 3394.3467     0.7560 
 -516.8677    -0.1243 
-1360.5696    -0.0989 
  986.4922     0.1050 
-1083.9288    -0.2014 
-3986.8650    -0.5343 
31823.6992     0.9250 
-4592.1777    -0.2053 
-4247.0317    -0.1461 
 3390.8333     0.7968 
10109.2188     0.8998 
12621.8203     0.8351 
23718.1348     0.9088 
-12600.7100    -0.4121 
  921.7724     0.0346 
 8588.3809     0.6353 
 3026.6074     0.3079 
 3069.1499     0.9250 
 6521.9438     0.9250 
-2402.4871    -0.7005 
-1097.0175    -0.0678 
11833.3760     0.4036 
-24243.5332    -0.3263 
-17870.1582    -0.3781 
14944.1211     0.7234 
-2537.0774    -0.0873 
10861.0850     0.8225 
  105.9717     0.1723 
-8793.4893    -0.3034 
18033.2207     0.7414 
43095.9805     0.9250 
 1525.1743     0.0704 
 5880.0176     0.6601 
-1429.5353    -0.0927 
 3687.6946     0.1450 
 9591.0938     0.9250 
19818.8887     0.8600 
 9655.0342     0.9250 
-6167.5449    -0.5074 
-2777.3679    -0.9078 
    0.0000     0.0000 
 -494.7328    -0.1229 
-5831.8047    -0.2592 
-8007.9414    -0.4490 
-4084.2239    -0.2120 
-6010.7271    -0.2433 
-5602.2300    -0.5227 
 3323.6008     0.1036 
 1059.1239     0.0938 
-7047.6187    -0.2956 
-6662.2109    -0.4795 
22634.9805     0.9250 
-9241.8467    -0.2821 
-1426.5739    -0.2916 
 4064.3562     0.6969 
-8623.0518    -0.2885 
  571.2994     0.1038 
47955.4688     0.9250 
 4258.1440     0.8958 
 7576.2891     0.7355 
-1491.6312    -0.1563 
-4139.3501    -0.1311 
 1556.0909     0.0722 
-2873.5403    -0.2328 
-9574.7568    -0.5594 
72125.0234     0.9250 
 4746.5820     0.7299 
   81.9502     0.0219 
  332.3830     0.1134 
  687.5242     0.1543 
 -595.4718    -0.0777 
  236.9134     0.0199 
 3001.0945     0.6627 
 1002.6143     0.3497 
 1668.9785     0.2969 
   99.9000     0.9250 
  212.2875     0.9250 
  571.4686     0.1633 
 2241.6553     0.6678 
 3719.1523     0.5021 
 7225.6934     0.5277 
 3588.3425     0.4236 
 1003.3766     0.2881 
 2926.3208     0.6213 
 1069.7076     0.2069 
  594.7191     0.1504 
 3010.8276     0.5781 
  450.8983     0.0772 
 1402.7625     0.9250 
 2372.3306     0.4625 
 1609.6373     0.4616 
 2030.7152     0.5543 
 2308.4438     0.4895 
  312.1875     0.9250 
  108.2051     0.0278 
  314.2687     0.9250 
 2057.4836     0.4880 
  300.4478     0.2509 
    0.0000     0.0000 
 1379.5487     0.8755 
 3373.0027     0.5826 
 2000.8994     0.3077 
 6616.0059     0.8774 
 2710.5110     0.4938 
 3385.0056     0.8069 
 3688.5649     0.3988 
 1925.9895     0.5155 
 3158.5403     0.5011 
 1875.7256     0.3290 
  736.7625     0.9250 
 3684.3074     0.6152 
 1668.9014     0.8715 
  366.3346     0.0799 
 -994.3445    -0.0457 
 1794.9313     0.8330 
 1560.9375     0.9250 
 -415.8831    -0.0372 
 1863.1683     0.3564 
 1095.9047     0.5190 
 2882.0725     0.5067 
 2744.9136     0.3112 
 1250.0100     0.3228 
 5283.9429     0.7886 
 2347.6499     0.9250 
 -980.3890    -0.1678 
  -84.9644    -0.0201 
 1813.8213     0.3254 
  838.1686     0.0831 
 1864.3495     0.0965 
 5514.3164     0.7901 
 1896.5978     0.5288 
 4284.0967     0.5764 
  238.6500     0.9250 
  507.1313     0.9250 
 -226.6835    -0.0422 
 3519.5425     0.8098 
 6745.4585     0.6920 
15072.1777     0.7250 
 9083.3145     0.6578 
 1984.2211     0.3826 
 5763.7056     0.7514 
 1789.4664     0.2664 
-1404.3992    -0.2218 
 5944.7686     0.7662 
 2279.8584     0.3476 
 3351.0437     0.9250 
 4395.1646     0.6849 
 2328.4539     0.5138 
 2319.7119     0.4828 
 5099.0063     0.7066 
  745.7813     0.9250 
 1075.0966     0.1794 
  750.7531     0.9250 
 1421.8495     0.2385 
  299.7278     0.1926 
    0.0000     0.0000 
 1802.9595     0.8804 
 4152.9531     0.4938 
 2637.8601     0.2813 
 8587.0068     0.8762 
 4521.2920     0.5557 
 4271.1675     0.7834 
 3267.7888     0.2241 
 2376.3774     0.4242 
 2723.5981     0.2980 
  773.1452     0.1026 
 1760.0437     0.9250 
 5299.9712     0.6171 
 2152.2939     0.8648 
 -967.5454    -0.1546 
-1684.7058    -0.0519 
 2388.1272     0.8527 
 3728.9063     0.9250 
-2902.7153    -0.1651 
 1689.7822     0.2190 
 1612.3661     0.5015 
 6731.8398     0.7631 
  870.7980     0.0649 
  610.9743     0.0961 
 6638.3438     0.7623 
 5608.2749     0.9250 
  511.5977     0.1192 
 -777.5455    -0.1942 
 -495.4729    -0.0818 
 1829.8588     0.1699 
-1245.2410    -0.2423 
 -435.1428    -0.1689 
-3133.5684    -0.7099 
  166.5000     0.9250 
  353.8125     0.9250 
 2051.8628     0.6491 
-1547.1149    -0.1292 
-2317.5579    -0.3962 
-3744.4814    -0.3027 
-2006.5441    -0.2744 
  -53.5007    -0.0115 
 -939.5090    -0.2309 
  524.5911     0.5336 
 1484.5728     0.4084 
 -769.9199    -0.1726 
 -426.3493    -0.0726 
 2337.9375     0.9250 
-1828.2937    -0.3966 
  191.0267     0.2880 
    1.4613     0.0004 
-1120.0344    -0.2629 
  520.3125     0.9250 
 -157.3313    -0.0450 
  523.7813     0.9250 
 1394.0009     0.3660 
 -185.9356    -0.8163 
    0.0000     0.0000 
 -152.7622    -0.5097 
 2020.0015     0.4080 
 2896.4893     0.5142 
 -830.4933    -0.5790 
  639.5365     0.1289 
 -625.7844    -0.7842 
 -178.9867    -0.0228 
 1073.1532     0.3297 
  673.2587     0.1255 
 2073.2483     0.4154 
 1227.9375     0.9250 
  395.2747     0.0775 
 -232.1578    -0.6374 
 2780.8262     0.6716 
 7584.1934     0.3859 
 -129.2778    -0.3154 
 2601.5625     0.9250 
 2635.9307     0.2740 
 1358.3695     0.3027 
  805.6145     0.4222 
-1314.8890    -0.2710 
 1094.5535     0.1374 
  583.7817     0.1766 
-1024.2911    -0.8037 
 3912.7500     0.9250 
 1089.2408     0.3768 
 2194.9875     0.6024 
-1773.4111    -0.2099 
 1793.0696     0.2674 
  546.8083     0.2939 
   50.7930     0.0189 
  571.6500     0.9250 
 1214.7562     0.9250 
  318.7204     0.1285 
 6108.8643     0.3909 
  689.0082     0.1957 
-2421.1721    -0.2482 
-2595.9866    -0.2720 
 2801.6748     0.4596 
 -765.5187    -0.1442 
 1975.7045     0.7612 
 1161.1024     0.2448 
 -612.5548    -0.1052 
 2197.7842     0.2867 
 8026.9189     0.9250 
 -635.9105    -0.1911 
 1001.6323     0.5721 
 -328.1778    -0.1381 
   38.4139     0.0115 
 1786.4063     0.9250 
 1600.5454     0.3505 
 1798.3157     0.9250 
  461.6825     0.1545 
 -543.0878    -0.9032 
    0.0000     0.0000 
 -184.2178    -0.2328 
  606.6998     0.0939 
  135.4963     0.0184 
-1205.9388    -0.3185 
 -295.5836    -0.0756 
-1278.7899    -0.6070 
  -78.0508    -0.0076 
 1207.3441     0.2843 
 -266.7793    -0.0381 
 -298.5496    -0.0458 
 4215.9189     0.9250 
 -116.2305    -0.0175 
 -378.8689    -0.3940 
 1545.0150     0.4732 
-1429.5275    -0.0922 
  -10.7756    -0.0100 
 8932.0313     0.9250 
 -548.6140    -0.0437 
 1921.2694     0.3281 
   11.0103     0.0073 
 -742.3242    -0.1173 
  165.0687     0.0264 
 -508.7927    -0.1180 
-2152.5022    -0.6398 
13433.7754     0.9250 
 5587.9800     0.7778 
-4426.2939    -0.3343 
 1865.0089     0.3900 
 1605.3113     0.6532 
 3211.3923     0.6818 
  854.7000     0.9250 
 1816.2375     0.9250 
-1206.0321    -0.3277 
 1126.0962     0.3781 
 3680.0945     0.5302 
  906.9940     0.0637 
  186.8079     0.0197 
 1979.3055     0.5570 
 1499.9060     0.2854 
 3237.9766     0.9272 
-1957.2588    -0.4510 
  372.1738     0.0700 
 2680.5288     0.5964 
12001.4121     0.9250 
 1390.2224     0.3162 
 2060.0081     0.8745 
  186.2598     0.0566 
 2541.0410     0.5139 
 2670.9375     0.9250 
 2565.9109     0.6250 
 2688.7437     0.9250 
-1003.8297    -0.2457 
 -656.9989    -0.8121 
    0.0000     0.0000 
  278.0303     0.2612 
 -354.5409    -0.0615 
-1699.9257    -0.2646 
  873.3220     0.1714 
  908.1024     0.1629 
 -497.2989    -0.1755 
-1189.2167    -0.1190 
 1113.3361     0.2900 
-1109.8284    -0.1772 
-2022.7885    -0.3919 
 6303.4126     0.9250 
 -410.5499    -0.0698 
  113.7730     0.0879 
  -45.7991    -0.0107 
-8870.5107    -0.3988 
  688.3164     0.4728 
13354.6875     0.9250 
 1385.7717     0.1150 
 2162.9680     0.4091 
  -76.1395    -0.0346 
 1856.2098     0.3071 
-1958.4720    -0.2131 
-1590.3563    -0.3650 
 -999.3020    -0.2208 
20085.4492     0.9250 
-6771.5132    -0.2892 
 1445.6637     0.1599 
 2478.0552     0.5335 
 3464.6211     0.4856 
 1443.0000     0.9250 
 3066.3750     0.9250 
-1670.3824    -0.2740 
  986.6712     0.1795 
 3679.4797     0.3254 
-4354.9399    -0.1629 
-2761.4358    -0.1576 
 3454.8857     0.5147 
  637.1700     0.0653 
 5192.3145     0.8611 
-3105.4714    -0.3805 
-1736.0565    -0.1727 
 4352.3530     0.5259 
20262.1250     0.9250 
  987.6962     0.1229 
 2934.5469     0.7215 
 -501.3327    -0.0836 
 3144.1921     0.3455 
 4509.3750     0.9250 
 4865.4175     0.6301 
 4539.4375     0.9250 
-2417.2634    -0.3307 
-1258.9700    -0.9013 
    0.0000     0.0000 
  -65.3308    -0.0355 
-1627.8271    -0.1820 
-3175.1355    -0.2999 
-1111.3634    -0.1263 
 1178.7662     0.1118 
-2206.3989    -0.4509 
-4188.3486    -0.2341 
 1805.3441     0.2955 
-3021.9216    -0.2591 
-3784.2478    -0.3892 
10642.1250     0.9250 
-2350.4373    -0.2115 
 -465.1325    -0.2082 
  884.1037     0.1445 
-11930.5557    -0.2908 
  481.5042     0.1916 
22546.8750     0.9250 
 6349.5190     0.2896 
 4001.2205     0.5146 
 -330.8911    -0.0831 
  849.7713     0.0756 
-4352.0112    -0.2629 
-3160.3596    -0.4100 
-3831.0410    -0.4901 
33910.5000     0.9250 
 1796.1855     0.1375 
  303.3753     0.0356 
-4794.9551    -0.2894 
 -283.0500    -0.9250 
 -601.4813    -0.9250 
 2477.7358     0.2455 
 1236.8123     0.1278 
  886.7776     0.0392 
14242.0107     0.3564 
10938.9678     0.4478 
 1947.0367     0.1939 
 2598.8975     0.1914 
 -112.9713    -0.0160 
 2137.6819     0.1875 
 4719.3760     0.3143 
 -545.9923    -0.0324 
-3974.4937    -0.9250 
 4160.2031     0.2729 
 1217.5667     0.2555 
 1857.1665     0.1701 
 2174.5198     0.1599 
 -884.5313    -0.9250 
  987.6447     0.0879 
 -890.4281    -0.9250 
 1362.4088     0.1121 
  741.1323     0.4528 
    0.0000     0.0000 
 1777.4390     0.8253 
 4739.6162     0.2839 
 9330.3105     0.4976 
 8751.1807     0.8491 
 6930.1089     0.4326 
 4943.2612     0.8622 
 4166.3506     0.1562 
  546.7704     0.0507 
 4088.9773     0.2250 
 5229.1548     0.3181 
-2087.4937    -0.9250 
 7179.1079     0.4157 
 2260.0613     0.8635 
  -29.5171    -0.0022 
47765.2969     0.7525 
 2151.5012     0.7305 
-4422.6563    -0.9250 
 4187.0142     0.1300 
-3001.9189    -0.1991 
 3001.7991     0.4871 
 3046.0256     0.1857 
 4118.4048     0.1619 
 4286.1021     0.3839 
 7826.3945     0.8546 
-6651.6748    -0.9250 
 2022.6996     0.6572 
 3686.0632     0.5535 
  510.6000     0.9250 
 1085.0250     0.9250 
 -428.7380    -0.1119 
 7824.5205     0.4180 
 6480.5542     0.7420 
10294.8359     0.7070 
 2511.8962     0.1220 
 6185.5562     0.4025 
 3350.2266     0.5268 
 2688.4011     0.4369 
   69.8372     0.0069 
 3240.7803     0.4647 
 1632.7280     0.1048 
 7169.6748     0.9250 
 4204.9854     0.7637 
 2723.8384     0.6562 
 2446.7583     0.6269 
 3931.0825     0.7612 
 1595.6250     0.9250 
 1892.7749     0.3460 
 1606.2625     0.9250 
 1311.1804     0.2840 
   19.0100     0.0133 
    0.0000     0.0000 
 1635.4941     0.8719 
 1881.3024     0.1529 
  642.5876     0.0730 
 7627.2847     0.8496 
 2985.2622     0.5113 
 3458.7676     0.6925 
 2952.7693     0.1547 
 1549.7858     0.1917 
 2322.9458     0.1558 
  560.6047     0.0719 
 3765.6750     0.9250 
 3073.8474     0.2410 
 1873.9425     0.8220 
 -777.1414    -0.1595 
 -420.8454    -0.0182 
 2281.3992     0.8893 
 7978.1250     0.9250 
-1150.1389    -0.0765 
 1516.2300     0.2162 
  916.9067     0.4083 
 2668.5378     0.1957 
 2929.1389     0.3033 
  910.8606     0.1763 
 5294.2842     0.6637 
11999.0996     0.9250 
 1962.8955     0.5764 
  677.1000     0.9250 
 1438.8375     0.9250 
 -606.6793    -0.2562 
 1030.9279     0.5379 
 3674.8142     0.8188 
 3808.9741     0.4155 
 2133.2224     0.3503 
 1934.2235     0.8459 
 1918.6200     0.5672 
 2725.8689     0.8727 
 -644.0638    -0.2306 
 1460.9333     0.4270 
 2462.4451     0.8514 
 9507.6123     0.9250 
 1900.9176     0.6718 
 1950.2228     0.9256 
  705.2822     0.3329 
 2204.4136     0.6928 
 2115.9375     0.9250 
 2127.9561     0.8054 
 2130.0437     0.9250 
 -329.2664    -0.1252 
 -432.7689    -0.5981 
    0.0000     0.0000 
  533.4561     0.5603 
  450.0293     0.1213 
 -161.3105    -0.0390 
 2206.3840     0.4842 
  948.9250     0.2645 
  406.5867     0.1604 
 1687.7125     0.2624 
  516.3865     0.2090 
  265.7953     0.0659 
 -519.6821    -0.1564 
 4993.6123     0.9250 
 1015.5863     0.2682 
  475.0706     0.4106 
 -491.1065    -0.1780 
 -633.0616    -0.0442 
  943.9172     0.7249 
10579.6875     0.9250 
 -967.1953    -0.1248 
  607.0910     0.1784 
  324.2805     0.2287 
 2205.4368     0.5669 
  528.1833     0.0893 
   71.8183     0.0256 
  464.0539     0.1146 
15911.8496     0.9250 
  338.5500     0.9250 
  719.4188     0.9250 
-3060.1094    -0.6989 
 1898.5186     0.4861 
 5568.0244     0.6940 
 9258.1924     0.4917 
 5129.0425     0.4072 
 1557.4980     0.3168 
 3673.7766     0.5110 
 1507.3456     0.6637 
-3885.1548    -0.6563 
 3330.3872     0.4680 
 3004.5439     0.5009 
 4753.8062     0.9250 
 3559.9253     0.6248 
 1261.0863     0.8232 
  430.0473     0.0981 
 4159.5781     0.6332 
 1057.9688     0.9250 
 2160.9468     0.3833 
 1065.0219     0.9250 
-1862.5865    -0.3535 
 -137.5733    -0.2615 
    0.0000     0.0000 
  548.1475     0.7918 
-1127.0819    -0.1750 
-2930.3330    -0.3757 
 2464.0500     0.7438 
  944.7833     0.1386 
  922.6154     0.5006 
 -830.2876    -0.0664 
   57.3171     0.0196 
-1723.2545    -0.2027 
-3631.4792    -0.5082 
 2496.8062     0.9250 
  326.4620     0.0400 
  583.4158     0.6934 
-2665.0371    -0.7241 
-13965.6768    -0.4796 
  830.1391     0.8769 
 5289.8438     0.9250 
-4820.3296    -0.6971 
  217.9259     0.0752 
 -373.8117    -0.1294 
 5048.1572     0.6105 
-3411.5879    -0.2826 
-2164.1458    -0.3914 
 1360.3239     0.4621 
 7955.9248     0.9250 
  283.0500     0.9250 
 -105.4500    -0.9250 
  210.9000     0.9250 
 1154.4000     0.9250 
 -255.3000    -0.9250 
 -327.4500    -0.9250 
 1104.4500     0.9250 
  344.1000     0.9250 
  743.7000     0.9250 
   16.6500     0.9250 
  -55.5000    -0.9250 
 1315.3500     0.9250 
 1870.3500     0.9250 
  460.6500     0.9250 
  455.1000     0.9250 
  177.6000     0.9250 
  649.3500     0.9250 
  416.2500     0.9250 
 1309.8000     0.9250 
  419.0250     0.9250 
 -194.2500    -0.9250 
 -160.9500    -0.9250 
    0.0000     0.0000 
   38.8500     0.9250 
   22.2000     0.9250 
 -210.9000    -0.9250 
   77.7000     0.9250 
   49.9500     0.9250 
 -183.1500    -0.9250 
  743.7000     0.9250 
  255.3000     0.9250 
  -33.3000    -0.9250 
 -194.2500    -0.9250 
  982.3500     0.9250 
  -16.6500    -0.9250 
   -5.5500    -0.9250 
  177.6000     0.9250 
  -27.7500    -0.9250 
  127.6500     0.9250 
 2081.2500     0.9250 
  238.6500     0.9250 
  555.0000     0.9250 
   72.1500     0.9250 
  288.6000     0.9250 
  460.6500     0.9250 
   33.3000     0.9250 
 -338.5500    -0.9250 
 3130.2000     0.9250 
 -224.0813    -0.9250 
  448.1625     0.9250 
 2453.1001     0.9250 
 -542.5125    -0.9250 
 -695.8312    -0.9250 
 2346.9563     0.9250 
  731.2125     0.9250 
 1580.3625     0.9250 
   35.3812     0.9250 
 -117.9375    -0.9250 
 2795.1187     0.9250 
 3974.4937     0.9250 
  978.8812     0.9250 
  967.0875     0.9250 
  377.4000     0.9250 
 1379.8688     0.9250 
  884.5313     0.9250 
 2783.3250     0.9250 
  890.4281     0.9250 
 -412.7813    -0.9250 
 -342.0187    -0.9250 
    0.0000     0.0000 
   82.5563     0.9250 
   47.1750     0.9250 
 -448.1625    -0.9250 
  165.1125     0.9250 
  106.1438     0.9250 
 -389.1938    -0.9250 
 1580.3625     0.9250 
  542.5125     0.9250 
  -70.7625    -0.9250 
 -412.7813    -0.9250 
 2087.4937     0.9250 
  -35.3812    -0.9250 
  -11.7937    -0.9250 
  377.4000     0.9250 
  -58.9688    -0.9250 
  271.2563     0.9250 
 4422.6563     0.9250 
  507.1313     0.9250 
 1179.3750     0.9250 
  153.3188     0.9250 
  613.2750     0.9250 
  978.8812     0.9250 
   70.7625     0.9250 
 -719.4188    -0.9250 
 6651.6748     0.9250 
  -79.7653    -0.0281 
-2293.4849    -0.3894 
-2017.1833    -0.1723 
 -757.4479    -0.1057 
  -92.5839    -0.0314 
 -472.0392    -0.1184 
 -303.1944    -0.3826 
 1749.7965     0.5231 
 -568.0685    -0.1289 
-1134.2717    -0.2295 
-1480.6937    -0.9250 
-1326.3319    -0.3130 
  -63.4631    -0.1187 
  635.2390     0.2029 
 -715.2410    -0.1792 
 -329.5313    -0.9250 
 -624.4855    -0.1894 
 -331.7281    -0.9250 
 1743.1277     0.4885 
  133.6111     0.7278 
    0.0000     0.0000 
  153.3536     0.6349 
 2542.5610     0.5190 
 3121.0190     0.5671 
  799.6997     0.6918 
 1065.7582     0.2270 
  541.0133     0.8413 
  851.1249     0.1087 
 1260.3145     0.3986 
 1799.0459     0.3373 
 2551.9980     0.5290 
 -777.6937    -0.9250 
 1414.2809     0.2791 
  216.6031     0.7379 
 2189.7136     0.5587 
 7314.3203     0.3932 
  153.9197     0.4660 
-1647.6563    -0.9250 
 2834.4661     0.3000 
 1462.0859     0.3305 
 1025.0024     0.5676 
-1069.5153    -0.2222 
 1857.8444     0.2489 
 1114.3148     0.3401 
  875.6614     0.8525 
-2478.0750    -0.9250 
 3285.5127     0.6185 
 5899.5640     0.5572 
  670.9175     0.0252 
 6982.7935     0.4105 
  782.4935     0.0528 
 1278.7810     0.3422 
 2246.7979     0.1697 
 1102.4667     0.0678 
 5740.5068     0.2683 
 2961.3875     0.9250 
 2165.3191     0.6315 
 1458.4535     0.5786 
 1176.1035     0.4669 
 2214.3289     0.5785 
  659.0625     0.9250 
 2295.6667     0.1801 
  663.4562     0.9250 
 1016.9551     0.2972 
   99.7300     0.1152 
    0.0000     0.0000 
 1003.6091     0.8810 
 1134.3536     0.0629 
 -661.8739    -0.0323 
 4736.8901     0.8689 
 2572.8389     0.6061 
 2267.2078     0.7475 
 1700.3387     0.0594 
 2594.7073     0.2189 
 1248.1870     0.0639 
-1330.1835    -0.0732 
 1555.3875     0.9250 
 2716.9631     0.1464 
 1177.2474     0.8503 
   26.2034     0.0074 
  184.8511     0.0110 
 1359.8842     0.8729 
 3295.3125     0.9250 
-2086.7380    -0.0596 
 2358.7104     0.1443 
  725.3073     0.4442 
 1354.7705     0.0767 
 1166.1086     0.1629 
  -31.2650    -0.0026 
 3502.1387     0.7230 
 4956.1499     0.9250 
15807.1914     0.6119 
 8961.8477     0.5294 
 4461.9487     0.6881 
 6480.6230     0.6874 
 4967.4146     0.7333 
-2383.3816    -0.3023 
 6005.2368     0.6183 
 6109.2422     0.7641 
16209.7002     0.9250 
 6194.5449     0.7978 
 3958.7229     0.8664 
 2211.2915     0.3815 
 6544.4419     0.7444 
 3607.5000     0.9250 
 4684.9468     0.6280 
 3631.5500     0.9250 
 -751.7305    -0.1064 
 -563.1811    -0.3589 
    0.0000     0.0000 
 1533.1564     0.7425 
 1445.4849     0.1673 
 -442.1584    -0.0432 
 6777.5210     0.6859 
 2652.1230     0.2604 
 2287.2966     0.4160 
 5280.0000     0.3055 
  887.1372     0.1503 
 1006.1358     0.0893 
-1613.7041    -0.1718 
 8513.7002     0.9250 
 3724.6055     0.3469 
 1576.4672     0.6282 
-2692.5239    -0.4557 
-4012.2175    -0.1012 
 2403.0706     0.8510 
18037.5000     0.9250 
-6833.4849    -0.3226 
  443.6310     0.0591 
  851.7371     0.2215 
 7787.9146     0.7171 
 1189.9514     0.0744 
  250.7470     0.0337 
 3291.6086     0.3749 
27128.4004     0.9250 
21847.9141     0.7779 
 3117.0825     0.2681 
11731.2158     0.7379 
 1365.2683     0.0795 
-2428.9697    -0.1819 
13699.9668     0.7786 
 4236.7280     0.3004 
-3584.8374    -0.9250 
12518.3359     0.7633 
 4003.5989     0.3458 
 5212.4551     0.4488 
 9859.2686     0.6291 
 -797.8125    -0.9250 
 1525.6161     0.1185 
 -803.1312    -0.9250 
 1823.0499     0.1303 
 1469.1646     0.3695 
    0.0000     0.0000 
 4462.2993     0.8528 
 5863.8096     0.3144 
 5096.9463     0.2350 
21719.0469     0.8674 
 8235.4189     0.4831 
11766.6797     0.8447 
 9426.6855     0.3085 
 1594.8071     0.1283 
 5860.5708     0.2952 
 2187.8823     0.1156 
-1882.8375    -0.9250 
11396.8838     0.5956 
 5552.5073     0.8732 
-4867.6929    -0.3420 
11464.0586     0.1697 
 5579.5542     0.7798 
-3989.0625    -0.9250 
-8415.4268    -0.2231 
-2274.4370    -0.1378 
 2577.6799     0.3931 
14474.6797     0.7621 
 4134.8296     0.1402 
 3093.9780     0.2377 
18522.1895     0.8325 
-5999.5498    -0.9250 
 -264.9208    -0.0209 
 5646.8892     0.6240 
  244.4520     0.0224 
-1891.6777    -0.2509 
 6465.9326     0.6516 
   -5.5254    -0.0004 
-4597.9438    -0.9250 
 7851.2305     0.7207 
 2151.4495     0.2921 
 2584.2246     0.3343 
 5091.3105     0.5270 
-1023.2813    -0.9250 
  185.3163     0.0238 
-1030.1031    -0.9250 
  114.6910     0.0133 
 1062.1200     0.4199 
    0.0000     0.0000 
 2787.3108     0.8374 
 2554.5437     0.2494 
 3005.6709     0.2399 
13659.0869     0.8576 
 5944.1699     0.5279 
 7587.2954     0.8562 
 2820.1484     0.1737 
  299.5559     0.0445 
 2273.6248     0.2054 
  592.9346     0.0534 
-2414.9438    -0.9250 
 5117.0405     0.4857 
 3513.0928     0.8685 
-3677.9570    -0.3913 
11223.3564     0.2516 
 3419.4561     0.7513 
-5116.4063    -0.9250 
-3414.0405    -0.1596 
-1798.3243    -0.1802 
 1955.5349     0.4515 
 6178.9653     0.6104 
  257.9375     0.0143 
 1417.0566     0.1927 
11985.1006     0.8468 
-7695.0752    -0.9250 
 1115.2065     0.1929 
 4339.7500     0.9093 
  748.1624     0.1197 
  995.9848     0.1571 
 2769.9224     0.2808 
15508.3184     0.9250 
 2125.5720     0.5196 
 2970.1130     0.9226 
  963.8050     0.3270 
 2148.8237     0.5410 
 3451.4063     0.9250 
 2876.1587     0.5785 
 3474.4155     0.9250 
  393.8791     0.1109 
 -764.0556    -0.6911 
    0.0000     0.0000 
  662.5186     0.4554 
  914.3694     0.1149 
  470.7081     0.0588 
 2594.9170     0.3727 
 1326.7664     0.2846 
  132.4977     0.0342 
 1748.0643     0.1417 
 1128.9362     0.2160 
  696.1159     0.0758 
    5.9142     0.0008 
 8145.3188     0.9250 
 1328.5461     0.1611 
  519.7247     0.2940 
  529.6774     0.1361 
 3537.0889     0.1915 
 1275.4081     0.6411 
17257.0313     0.9250 
 -262.0263    -0.0192 
 1506.4094     0.2363 
  520.3017     0.2901 
  878.8987     0.1047 
 1840.0092     0.2477 
  350.9822     0.0747 
  -75.5004    -0.0122 
25954.5742     0.9250 
 2171.5588     0.3236 
 -486.2451    -0.1081 
 3958.4451     0.7170 
 1615.3514     0.2222 
 4831.7373     0.9250 
 4616.7290     0.7630 
 2548.1570     0.5629 
 2923.8604     0.6729 
 4131.5024     0.7693 
 1075.3125     0.9250 
  949.0479     0.2192 
 1082.4812     0.9250 
 1373.8417     0.2861 
  209.1745     0.1345 
    0.0000     0.0000 
 1803.3569     0.8815 
 2261.4287     0.3691 
 1255.1411     0.1801 
 8530.7998     0.8713 
 3272.5415     0.5134 
 4123.1499     0.7570 
 4603.6060     0.4731 
 1111.8612     0.2761 
 3096.2236     0.4666 
 1512.9725     0.2450 
 2537.7375     0.9250 
 4003.9119     0.6348 
 2124.6599     0.8545 
-1167.7744    -0.2195 
  817.8042     0.0324 
 2429.8962     0.8685 
 5376.5625     0.9250 
   66.4595     0.0056 
  532.1354     0.0958 
 1001.2106     0.4083 
 4718.9839     0.7860 
 3449.9265     0.3434 
 1414.6821     0.3458 
 6379.1187     0.7333 
 8086.3501     0.9250 
   79.0167     0.5560 
  698.1777     0.1043 
 5141.6221     0.9150 
10442.7871     0.9250 
 2346.3889     0.4687 
 1819.8944     0.8843 
 1134.4844     0.3184 
 3132.3699     0.5332 
 2324.0625     0.9250 
 4907.8242     0.9218 
 2339.5562     0.9250 
 -360.0667    -0.1282 
 -564.1177    -0.7981 
    0.0000     0.0000 
  268.9055     0.2891 
  785.8487     0.1512 
 -241.4868    -0.0586 
  890.3855     0.2001 
  958.0488     0.1678 
 -363.7445    -0.1469 
 3690.0244     0.4977 
 1276.0455     0.4893 
  620.7299     0.1127 
 -303.7112    -0.0946 
 5484.7876     0.9250 
  961.7998     0.1271 
  132.1611     0.1169 
  508.5856     0.3775 
  830.5765     0.1203 
  633.2678     0.4979 
11620.3125     0.9250 
  820.5034     0.7471 
 2173.1821     0.9132 
  564.6577     0.2562 
 2050.4675     0.2811 
 2342.8665     0.4703 
  509.5511     0.1787 
 -761.3391    -0.1925 
17476.9492     0.9250 
 -387.4896    -0.0786 
  373.9518     0.0613 
  233.7937     0.9250 
-1426.1816    -0.2855 
   71.6942     0.7479 
 1125.8994     0.3154 
 -869.3759    -0.1929 
   52.0313     0.9250 
 -111.3345    -0.0288 
   52.3781     0.9250 
 2256.5208     0.5599 
   -4.1000    -0.1245 
    0.0000     0.0000 
   36.4775     0.8420 
 1609.9081     0.3187 
 1800.3947     0.2891 
  167.2158     0.8066 
  -85.5663    -0.0160 
   69.7067     0.6044 
 3427.3838     0.4281 
  739.6690     0.2229 
 2408.6501     0.4411 
 2784.5876     0.5047 
  122.7937     0.9250 
 1402.3247     0.2698 
   40.3925     0.7672 
 1855.4604     0.4153 
 7623.8457     0.3595 
   52.9425     0.8936 
  260.1563     0.9250 
 1454.6646     0.1368 
  828.5530     0.1670 
  535.2178     0.2599 
 -966.3804    -0.1935 
 4925.3423     0.5842 
 1969.5710     0.5389 
  105.0675     0.5703 
  391.2750     0.9250 
 1139.3354     0.1429 
 -779.3125    -0.9250 
 4583.2612     0.7488 
 1665.1943     0.3687 
 2252.0371     0.5152 
 3671.9434     0.6183 
 -173.4375    -0.9250 
  581.0984     0.1224 
 -174.5938    -0.9250 
 1411.1614     0.2658 
  538.4333     0.3471 
    0.0000     0.0000 
 1752.2500     0.8585 
 2710.9299     0.4035 
 2356.1685     0.3083 
 8503.9395     0.8706 
 3426.2773     0.4857 
 4557.2773     0.8386 
 3835.7698     0.3595 
  980.8049     0.2221 
 2620.6572     0.3601 
 1623.7095     0.2397 
 -409.3125    -0.9250 
 4200.8965     0.6074 
 2168.4165     0.8742 
-1132.3716    -0.1923 
 4582.6196     0.1639 
 2208.4834     0.7912 
 -867.1875    -0.9250 
-1889.4738    -0.1448 
  -51.5095    -0.0085 
 1028.8528     0.3791 
 4783.9839     0.7267 
 2566.1831     0.2310 
 1259.6121     0.2808 
 7162.5835     0.8253 
-1304.2500    -0.9250 
18469.7070     0.9250 
 3030.0259     0.5856 
 3484.1516     0.9192 
 1389.1769     0.3673 
 2348.6953     0.3527 
 4110.4688     0.9250 
 2870.3940     0.4590 
 4137.8721     0.9250 
 -452.3778    -0.0760 
 -924.5945    -0.7102 
    0.0000     0.0000 
  736.7571     0.4301 
 -652.0100    -0.0839 
-1364.2032    -0.1355 
 2837.6550     0.3462 
  602.4617     0.1065 
   24.1877     0.0053 
 1989.6646     0.1594 
  397.0862     0.0779 
 -284.1340    -0.0317 
-1028.3333    -0.1153 
 9700.7061     0.9250 
  304.9014     0.0382 
  554.7227     0.2665 
 -460.6508    -0.0976 
 -274.8068    -0.0123 
 1452.4227     0.6200 
20552.3438     0.9250 
-1249.7778    -0.0727 
  132.5816     0.0165 
  117.2536     0.0539 
 2477.4983     0.3023 
 1701.7826     0.1366 
  157.8636     0.0267 
 -299.4940    -0.0411 
30910.7246     0.9250 
 6468.2939     0.9250 
 6390.3623     0.9250 
 2493.8000     0.9250 
 9117.9561     0.9250 
 5844.8438     0.9250 
18391.7754     0.9250 
 5883.8096     0.9250 
-2727.5938    -0.9250 
-2260.0063    -0.9250 
    0.0000     0.0000 
  545.5187     0.9250 
  311.7250     0.9250 
-2961.3875    -0.9250 
 1091.0375     0.9250 
  701.3812     0.9250 
-2571.7312    -0.9250 
10442.7871     0.9250 
 3584.8374     0.9250 
 -467.5875    -0.9250 
-2727.5938    -0.9250 
13793.8311     0.9250 
 -233.7937    -0.9250 
  -77.9313    -0.9250 
 2493.8000     0.9250 
 -389.6563    -0.9250 
 1792.4187     0.9250 
29224.2188     0.9250 
 3351.0437     0.9250 
 7793.1250     0.9250 
 1013.1063     0.9250 
 4052.4250     0.9250 
 6468.2939     0.9250 
  467.5875     0.9250 
-4753.8062    -0.9250 
43953.2266     0.9250 
 2300.9011     0.6814 
 1764.0599     0.4654 
 4299.5522     0.7553 
 1439.5313     0.9250 
 1983.5892     0.4196 
 1449.1282     0.9250 
 -244.8084    -0.0520 
  -25.9722    -0.0224 
    0.0000     0.0000 
 1321.5178     0.8661 
 1129.7472     0.1703 
  412.0166     0.0557 
 6136.5254     0.8404 
 2676.9426     0.4171 
 2726.8232     0.6712 
 3869.6538     0.3363 
  306.6799     0.0694 
 1529.9403     0.2122 
 -335.5503    -0.0565 
 3397.2937     0.9250 
 3497.2234     0.5162 
 1501.3690     0.8096 
-2326.2903    -0.4713 
 2233.9722     0.0872 
 1862.2355     0.8924 
 7197.6563     0.9250 
-3331.3130    -0.2402 
 -819.4252    -0.1346 
  798.9715     0.3150 
 5546.3291     0.7970 
 1352.8468     0.1279 
  906.5576     0.1807 
 4159.0024     0.6410 
10825.2754     0.9250 
 1342.2677     0.5585 
 2896.5125     0.7309 
 1422.1875     0.9250 
 3049.4260     0.8491 
 1431.6687     0.9250 
  276.0805     0.1457 
 -297.5611    -0.6241 
    0.0000     0.0000 
  334.6864     0.5335 
 1443.1621     0.4116 
  595.6838     0.2143 
 1367.5702     0.4555 
 1642.8649     0.4266 
  212.2766     0.1271 
 3520.3994     0.7040 
 1226.9530     0.6974 
 1398.7841     0.3764 
  387.6805     0.1790 
 3356.3625     0.9250 
 1989.4183     0.3896 
  289.9769     0.3803 
  102.8103     0.1131 
 1786.0796     0.3834 
  604.0602     0.7041 
 7110.9375     0.9250 
  409.6314     0.5530 
 1477.4756     0.9204 
  750.7972     0.5050 
 2590.9663     0.5266 
 2293.9260     0.6827 
  839.4932     0.4364 
  216.2185     0.0811 
10694.8496     0.9250 
 2441.8220     0.5776 
  555.0000     0.9250 
  437.8686     0.1264 
  558.7000     0.9250 
 2097.7632     0.5750 
  115.4267     0.1398 
    0.0000     0.0000 
  957.4233     0.8815 
 2297.4761     0.4672 
 1397.3644     0.2404 
 4531.9058     0.8719 
 1793.0325     0.3957 
 2196.2178     0.7595 
 5661.3525     0.6812 
 1198.0381     0.3739 
 3995.9878     0.7496 
 2752.2693     0.5513 
 1309.8000     0.9250 
 3663.7336     0.7297 
 1129.3634     0.8556 
   68.8306     0.0183 
 2280.7224     0.1239 
 1288.0699     0.8672 
 2775.0000     0.9250 
 2142.8115     0.2094 
  917.1290     0.2067 
  787.8813     0.4371 
 2913.6025     0.5677 
 5180.8115     0.6530 
 2203.1096     0.6167 
 3399.3301     0.7360 
 4173.6001     0.9250 
 2029.2188     0.9250 
 2034.5758     0.4579 
 2042.7468     0.9250 
  890.6888     0.1852 
 -132.2200    -0.0971 
    0.0000     0.0000 
 1521.4625     0.8495 
 2035.0710     0.3082 
  987.1187     0.1331 
 6999.3774     0.8167 
 3193.7439     0.5083 
 2971.2002     0.6231 
 3812.7058     0.3615 
 1492.2313     0.3502 
 2641.6304     0.3675 
  992.0267     0.1526 
 4788.9561     0.9250 
 3797.6184     0.5561 
 1696.7875     0.7796 
 -783.9922    -0.1495 
  -75.1143    -0.0030 
 2190.5576     0.8944 
10146.0938     0.9250 
 1391.9595     0.1093 
 1303.1111     0.2186 
  791.1416     0.3273 
 4772.1772     0.7357 
 2443.6780     0.2429 
  814.0853     0.1844 
 4493.9126     0.5901 
15259.7246     0.9250 
 4093.1250     0.9250 
 1309.4531     0.9250 
 -607.0313    -0.9250 
 -502.9688    -0.9250 
    0.0000     0.0000 
  121.4063     0.9250 
   69.3750     0.9250 
 -659.0625    -0.9250 
  242.8125     0.9250 
  156.0938     0.9250 
 -572.3438    -0.9250 
 2324.0625     0.9250 
  797.8125     0.9250 
 -104.0625    -0.9250 
 -607.0313    -0.9250 
 3069.8438     0.9250 
  -52.0313    -0.9250 
  -17.3438    -0.9250 
  555.0000     0.9250 
  -86.7188    -0.9250 
  398.9063     0.9250 
 6503.9063     0.9250 
  745.7813     0.9250 
 1734.3750     0.9250 
  225.4688     0.9250 
  901.8750     0.9250 
 1439.5313     0.9250 
  104.0625     0.9250 
-1057.9688    -0.9250 
 9781.8750     0.9250 
 4120.4126     0.9250 
 -469.3953    -0.1182 
-1036.4467    -0.8403 
    0.0000     0.0000 
  320.3150     0.1974 
   99.3783     0.0189 
 -125.5566    -0.0209 
  826.9271     0.1065 
  328.9405     0.0637 
-1032.4155    -0.2389 
 1505.8046     0.1799 
  529.2020     0.1528 
  -46.4623    -0.0081 
 -431.2889    -0.0812 
 9659.7754     0.9250 
  486.7811     0.0897 
   44.3716     0.0225 
  121.6353     0.0282 
 1443.9292     0.0706 
  920.2183     0.4146 
20465.6250     0.9250 
  -82.9180    -0.0081 
  975.1332     0.2042 
   70.5410     0.0355 
 1187.6847     0.2300 
  876.6497     0.1055 
 -103.3690    -0.0294 
-1955.4116    -0.2833 
30780.3008     0.9250 
 -611.0781    -0.9250 
 -506.3219    -0.9250 
    0.0000     0.0000 
  122.2156     0.9250 
   69.8375     0.9250 
 -663.4562    -0.9250 
  244.4312     0.9250 
  157.1344     0.9250 
 -576.1594    -0.9250 
 2339.5562     0.9250 
  803.1312     0.9250 
 -104.7562    -0.9250 
 -611.0781    -0.9250 
 3090.3093     0.9250 
  -52.3781    -0.9250 
  -17.4594    -0.9250 
  558.7000     0.9250 
  -87.2969    -0.9250 
  401.5656     0.9250 
 6547.2656     0.9250 
  750.7531     0.9250 
 1745.9375     0.9250 
  226.9719     0.9250 
  907.8875     0.9250 
 1449.1282     0.9250 
  104.7562     0.9250 
-1065.0219    -0.9250 
 9847.0879     0.9250 
  354.4278     0.5448 
    0.0000     0.0000 
  669.2194     0.7818 
 3644.6445     0.6175 
 3145.0366     0.4744 
 3343.2195     0.8161 
 1656.1962     0.2953 
 1985.0944     0.8710 
 4496.4023     0.4769 
 1937.9469     0.5087 
 4208.2256     0.6549 
 3998.2039     0.6879 
-1432.5938    -0.9250 
 3493.3022     0.5721 
  874.3139     0.8404 
 2024.7866     0.4324 
 3963.0803     0.1783 
  775.7473     0.6627 
-3035.1563    -0.9250 
 3106.7817     0.2729 
 2142.5864     0.4020 
  939.5188     0.4354 
  987.8727     0.1704 
 5081.5366     0.5650 
 2078.0063     0.5264 
 3163.5637     0.8691 
-4564.8750    -0.9250 
    0.0000     0.0000 
   36.5667     0.1697 
  365.9067     0.3039 
  466.3644     0.4885 
  265.5478     0.2575 
  381.1789     0.2882 
  320.9389     0.5595 
  -95.4800    -0.0556 
  -27.6900    -0.0458 
  433.2033     0.3395 
  385.1833     0.5179 
-1187.0062    -0.9250 
  572.1166     0.3262 
   87.8667     0.3356 
 -226.1522    -0.7245 
  531.9844     0.3325 
  -16.4400    -0.0558 
-2514.8438    -0.9250 
 -229.0756    -0.9004 
 -388.0934    -0.7040 
  103.5255     0.2027 
  300.4989     0.1778 
  -27.8944    -0.0242 
  183.6378     0.2780 
  544.7000     0.5945 
-3782.3250    -0.9250 
    0.0000     0.0000 
    0.0000     0.0000 
    0.0000     0.0000 
    0.0000     0.0000 
    0.0000     0.0000 
    0.0000     0.0000 
    0.0000     0.0000 
    0.0000     0.0000 
    0.0000     0.0000 
    0.0000     0.0000 
    0.0000     0.0000 
    0.0000     0.0000 
    0.0000     0.0000 
    0.0000     0.0000 
    0.0000     0.0000 
    0.0000     0.0000 
    0.0000     0.0000 
    0.0000     0.0000 
    0.0000     0.0000 
    0.0000     0.0000 
    0.0000     0.0000 
    0.0000     0.0000 
    0.0000     0.0000 
    0.0000     0.0000 
    0.0000     0.0000 
 1374.7401     0.8676 
 1017.8062     0.8102 
 1186.7701     0.8747 
 1514.4707     0.8703 
  583.7155     0.7733 
 1942.3217     0.8595 
  684.9308     0.8615 
 1444.6509     0.8603 
  779.0417     0.7961 
  286.5187     0.9250 
 1991.8018     0.8632 
  296.7159     0.8612 
 -262.2897    -0.6386 
 1814.4186     0.8618 
  333.1992     0.8594 
  607.0313     0.9250 
  -85.2964    -0.2548 
  318.1200     0.4385 
  591.1806     0.8798 
 1959.0664     0.8810 
 1314.6539     0.8657 
  757.9711     0.8719 
  905.6241     0.7512 
  912.9750     0.9250 
 5456.4604     0.6434 
 6635.5845     0.8751 
 4088.1863     0.5467 
 3482.5291     0.8255 
 2796.2319     0.2830 
 2306.0388     0.5509 
 3865.3591     0.5211 
 4277.2939     0.5691 
  163.7250     0.9250 
 3792.1538     0.5742 
 1683.7134     0.8743 
 2834.4150     0.4541 
 9482.0039     0.3200 
 1758.4067     0.8115 
  346.8750     0.9250 
 3075.4907     0.2123 
 3013.3083     0.4460 
 1997.7634     0.6945 
 1799.9287     0.2653 
 4136.8262     0.3350 
 1861.4474     0.3740 
 5456.8472     0.8099 
  521.7000     0.9250 
 5038.0562     0.8381 
 4134.4639     0.4754 
 2899.6309     0.8670 
 1697.2664     0.1260 
 2389.1687     0.4285 
 3161.5852     0.3442 
 4595.1128     0.5375 
-1555.3875    -0.9250 
 4287.1533     0.4910 
 1307.1871     0.8563 
 3294.1943     0.4538 
19003.1797     0.5515 
 1212.9005     0.7061 
-3295.3125    -0.9250 
 3423.0427     0.2077 
 1951.6449     0.2539 
 2202.5972     0.6584 
 1213.9528     0.1461 
 2797.0322     0.2017 
 1749.5956     0.3090 
 4602.3374     0.8616 
-4956.1499    -0.9250 
 7295.9819     0.8761 
 2923.6299     0.8094 
 8982.5137     0.8306 
 3171.3838     0.8336 
 7004.2461     0.8716 
 3874.2864     0.8273 
  573.0375     0.9250 
 9640.9219     0.8731 
 1437.8864     0.8720 
-1366.2535    -0.6951 
 8789.2705     0.8724 
 1540.8832     0.8305 
 1214.0625     0.9250 
 -544.0214    -0.3396 
 1232.3911     0.3550 
 2818.9961     0.8767 
 9314.3564     0.8753 
 6103.3340     0.8399 
 3646.9600     0.8766 
 4565.9443     0.7914 
 1825.9500     0.9250 
 3800.4678     0.8203 
 1074.4729     0.0877 
 2747.0225     0.5511 
 2922.2039     0.3671 
 2199.4231     0.2900 
  368.3813     0.9250 
 4762.9473     0.6208 
 1848.0494     0.8738 
  818.4432     0.1434 
 9392.2129     0.3468 
 1947.1095     0.8182 
  780.4688     0.9250 
 5379.5864     0.3558 
 1871.7344     0.2828 
 1780.3940     0.6771 
 3596.6062     0.4723 
  985.9107     0.0834 
 1132.2927     0.2169 
 5948.4331     0.8039 
 1173.8250     0.9250 
 3913.5911     0.6504 
 1389.8989     0.6566 
 3739.6633     0.8365 
 2265.8054     0.8697 
-1350.7312    -0.9250 
 5114.6768     0.8325 
  766.2644     0.8353 
 -921.4300    -0.8426 
 4676.9644     0.8344 
  671.2645     0.6503 
-2861.7188    -0.9250 
 -555.3089    -0.6230 
   28.7422     0.0149 
 1409.1167     0.7877 
 4599.5894     0.7769 
 2709.2788     0.6701 
 1890.3488     0.8167 
 2793.2976     0.8703 
-4304.0249    -0.9250 
  771.4861     0.1188 
 7567.4399     0.6436 
 5754.0972     0.4821 
 5484.7876     0.9250 
 5133.1865     0.5012 
 2188.8850     0.7970 
 -431.0530    -0.0422 
 7385.4644     0.1522 
 2763.1318     0.8941 
11620.3125     0.9250 
  253.5946     0.0110 
  549.0370     0.0512 
  980.1904     0.2080 
 3693.3757     0.3435 
14156.3613     0.7177 
 5359.3066     0.6779 
 5947.9019     0.6189 
17476.9492     0.9250 
 1847.9784     0.3792 
 1802.7489     0.3649 
 1882.8375     0.9250 
 1843.7357     0.4250 
  773.7325     0.8008 
 2138.8933     0.5140 
 1630.2997     0.0825 
  971.6558     0.8937 
 3989.0625     0.9250 
 3519.6650     0.3696 
 2774.4131     0.6246 
 1045.0619     0.5450 
  893.2339     0.2004 
 1549.7290     0.1945 
  439.2724     0.1342 
 2114.6409     0.6255 
 5999.5498     0.9250 
 5167.0366     0.6347 
 -245.5875    -0.9250 
 5102.4790     0.6686 
 1784.4391     0.8744 
 1247.4785     0.1877 
 7218.5171     0.2289 
 1825.6693     0.7950 
 -520.3125    -0.9250 
 4332.9854     0.2762 
 1914.9302     0.2616 
 1361.4230     0.4446 
 2280.2205     0.3110 
 9012.1719     0.6704 
 3577.0071     0.6634 
 5874.4141     0.8227 
 -782.5500    -0.9250 
-1432.5938    -0.9250 
 4281.2363     0.5533 
 1009.2917     0.8487 
 2649.4746     0.4185 
11934.9980     0.3971 
  915.5251     0.6841 
-3035.1563    -0.9250 
 4762.2427     0.3262 
 1730.4230     0.2540 
 1345.1267     0.4610 
 1014.0676     0.1377 
 7317.6133     0.6018 
 3003.3110     0.5985 
 3603.8750     0.8661 
-4564.8750    -0.9250 
 -122.7937    -0.9250 
  -40.9313    -0.9250 
 1309.8000     0.9250 
 -204.6563    -0.9250 
  941.4188     0.9250 
15349.2188     0.9250 
 1760.0437     0.9250 
 4093.1250     0.9250 
  532.1063     0.9250 
 2128.4250     0.9250 
 3397.2937     0.9250 
  245.5875     0.9250 
-2496.8062    -0.9250 
23085.2246     0.9250 
 2452.4783     0.8745 
  710.0779     0.1109 
10815.2715     0.3558 
 2528.5784     0.8013 
 -260.1563    -0.9250 
 2796.3569     0.1875 
 1668.5309     0.2399 
 1885.5957     0.6389 
 3682.7529     0.5277 
 6400.6992     0.5011 
 2850.7371     0.5563 
 8026.9282     0.8181 
 -391.2750    -0.9250 
 -369.7336    -0.7407 
 2237.4246     0.8745 
  375.4775     0.7969 
  -86.7188    -0.9250 
 -168.4803    -0.4141 
  242.9733     0.2756 
  707.3528     0.8662 
 2330.8372     0.8625 
 1492.9327     0.8090 
  922.7089     0.8734 
 1203.3524     0.8213 
 -130.4250    -0.9250 
 3875.8584     0.1714 
 -264.3369    -0.4706 
 2775.0000     0.9250 
 4984.7236     0.3949 
 3101.3123     0.5614 
  647.6815     0.2951 
-1650.4384    -0.2596 
 1338.3368     0.1356 
  292.3563     0.0671 
-1490.8751    -0.8536 
 4173.6001     0.9250 
 2298.4680     0.7983 
 -433.5938    -0.9250 
10783.6855     0.1800 
-4046.5146    -0.1543 
 5125.8140     0.4920 
  639.3543     0.0212 
 9843.2852     0.2100 
 8726.4102     0.4220 
 7343.1992     0.8203 
 -652.1250    -0.9250 
 1994.5313     0.9250 
  -15.1769    -0.0332 
  622.0667     0.6271 
  780.6661     0.8496 
 2606.3604     0.8571 
 1853.4995     0.8925 
  977.7490     0.8224 
 1020.1692     0.6188 
 2999.7749     0.9250 
 3728.9063     0.9250 
 8671.8750     0.9250 
 1127.3438     0.9250 
 4509.3750     0.9250 
 7197.6563     0.9250 
  520.3125     0.9250 
-5289.8438    -0.9250 
48909.3750     0.9250 
 4444.2104     0.3386 
 1321.8811     0.2273 
 -855.2867    -0.0603 
 4217.2661     0.1771 
 1497.2349     0.1548 
 -932.2553    -0.6549 
 5608.2749     0.9250 
  767.5555     0.3015 
   91.5171     0.0138 
 1395.9113     0.1252 
  -97.3369    -0.0216 
  -97.2933    -0.0315 
13042.5000     0.9250 
  938.3493     0.3203 
  985.9605     0.2167 
  787.0225     0.3920 
 2191.7693     0.7671 
 1695.5250     0.9250 
 2561.7122     0.2112 
 1002.3731     0.2055 
 7140.6782     0.7552 
 6782.1001     0.9250 
 5782.6021     0.7002 
 4131.4829     0.6398 
10825.2754     0.9250 
 2956.5754     0.7998 
  782.5500     0.9250 
-7955.9248    -0.9250 
