1	-26.2	73
1	49.5	74
1	321.3	75
1	-28.6	76
1	46.5	77
1	57.1	78
1	20.7	79
1	9.2	80
1	31.0	81
1	290.9	82
1	24.0	83
1	12.0	84
2	17.0	82
2	204.0	83
2	-40.0	84
3	31.6	82
3	475.0	83
3	-78.0	84
4	-19.7	75
4	-23.2	76
4	56.4	77
4	98.7	78
4	28.9	79
4	55.3	80
4	-28.7	81
4	139.9	82
4	-49.0	83
4	-67.0	84
5	123.3	78
5	50.7	79
5	0.0	80
5	0.0	81
5	250.8	82
5	17.0	83
5	-26.0	84
6	0.0	74
6	86.5	75
6	31.1	76
6	1.3	77
6	152.1	78
6	59.1	79
6	74.1	80
6	136.8	81
6	-26.4	82
6	16.0	83
6	-14.0	84
7	231.7	74
7	-3.8	75
7	-40.7	76
7	12.9	77
7	118.2	78
7	22.2	79
7	29.3	80
7	15.8	81
7	-15.0	82
7	81.0	83
7	-22.0	84
8	69.7	78
8	119.5	79
8	-8.7	80
8	-18.3	81
8	82.1	82
8	145.0	83
8	-9.0	84
9	204.8	79
9	-37.0	80
9	2.9	81
9	44.9	82
9	229.0	83
9	-31.0	84
10	-1.0	75
10	0.0	76
10	0.0	77
10	-82.7	78
10	0.0	79
10	0.0	80
10	566.6	81
10	258.2	82
10	-35.0	83
10	16.0	84
11	98.8	71
11	83.5	72
11	566.3	73
11	237.8	74
11	-33.8	75
11	-9.8	76
11	27.4	77
11	42.3	78
11	50.4	79
11	42.1	80
11	-10.3	81
11	216.5	82
11	40.0	83
11	-52.0	84
12	27.1	78
12	21.0	79
12	10.0	80
12	14.9	81
12	83.8	82
12	88.0	83
12	-34.0	84
13	-1.9	80
13	-26.1	81
13	164.9	82
13	126.0	83
13	65.0	84
14	25.0	83
14	1.0	84
15	30.0	83
15	-21.0	84
16	29.5	75
16	95.6	76
16	4.7	77
16	127.0	78
16	73.0	79
16	91.3	80
16	129.2	81
16	9.1	82
16	-26.0	83
16	-7.0	84
17	722.4	74
17	-39.4	75
17	-50.6	76
17	66.7	77
17	53.0	78
17	53.4	79
17	5.3	80
17	0.9	81
17	119.7	82
17	-1.0	83
17	-39.0	84
18	22.4	79
18	37.0	80
18	22.4	81
18	268.7	82
18	185.0	83
18	-23.0	84
19	0.8	76
19	53.5	77
19	36.5	78
19	-46.0	79
19	-13.2	80
19	92.9	81
19	660.0	82
19	-21.0	83
19	25.0	84
20	0.0	73
20	0.0	74
20	0.0	75
20	118.7	76
20	119.0	77
20	0.0	78
20	9.5	79
20	-57.1	80
20	140.5	81
20	423.7	82
20	-22.0	83
20	37.0	84
21	-18.1	71
21	-20.8	72
21	288.3	73
21	246.8	74
21	2.2	75
21	-32.9	76
21	9.5	77
21	48.8	78
21	26.4	79
21	28.8	80
21	57.8	81
21	86.9	82
21	124.0	83
21	-75.0	84
22	0.7	74
22	33.4	75
22	14.2	76
22	10.8	77
22	15.8	78
22	64.4	79
22	60.6	80
22	3.5	81
22	249.1	82
22	28.0	83
22	-34.0	84
23	69.2	82
23	120.0	83
23	-14.0	84
24	33.6	73
24	131.2	74
24	39.9	75
24	1.9	76
24	26.9	77
24	75.3	78
24	25.0	79
24	193.8	80
24	117.5	81
24	0.3	82
24	-3.0	83
24	-6.0	84
25	16.8	74
25	44.1	75
25	-54.6	76
25	31.8	77
25	67.5	78
25	11.3	79
25	42.3	80
25	52.2	81
25	274.0	82
25	12.0	83
25	22.0	84
26	21.4	72
26	13.8	73
26	258.9	74
26	258.9	75
26	0.7	76
26	4.7	77
26	19.3	78
26	35.9	79
26	66.6	80
26	27.8	81
26	134.2	82
26	186.0	83
26	-51.0	84
27	353.0	83
27	16.0	84
28	9.2	78
28	16.0	79
28	16.8	80
28	40.9	81
28	216.8	82
28	80.0	83
28	-3.0	84
29	69.7	82
29	76.0	83
29	-6.0	84
30	1.5	77
30	27.1	78
30	83.3	79
30	131.9	80
30	42.7	81
30	139.0	82
30	21.0	83
30	-11.0	84
31	19.2	75
31	17.7	76
31	5.1	77
31	33.9	78
31	124.1	79
31	42.1	80
31	26.1	81
31	243.1	82
31	100.0	83
31	-17.0	84
32	61.0	83
32	-14.0	84
33	101.8	74
33	-5.2	75
33	-1.9	76
33	-3.4	77
33	32.2	78
33	30.5	79
33	16.7	80
33	53.9	81
33	74.2	82
33	186.0	83
33	-50.0	84
34	32.5	83
34	-43.0	84
35	21.5	75
35	-0.2	76
35	-3.3	77
35	134.1	78
35	104.3	79
35	181.3	80
35	77.0	81
35	94.0	82
35	-27.0	83
35	8.0	84
36	-0.2	82
36	-25.0	83
36	4.0	84
37	-23.0	83
37	-23.0	84
38	9.7	82
38	-22.0	83
38	-29.0	84
39	-8.5	71
39	92.8	72
39	91.5	73
39	42.7	74
39	-6.5	75
39	7.9	76
39	20.2	77
39	234.9	78
39	121.4	79
39	120.4	80
39	150.1	81
39	167.6	82
39	-30.0	83
39	-34.0	84
40	1.5	74
40	17.6	75
40	0.0	76
40	-44.4	77
40	224.1	78
40	75.2	79
40	60.6	80
40	257.5	81
40	128.8	82
40	-45.0	83
40	-7.0	84
41	153.5	82
41	-10.0	83
41	-24.0	84
42	0.0	76
42	72.8	77
42	72.5	78
42	175.6	79
42	-15.3	80
42	136.3	81
42	189.6	82
42	-25.0	83
42	-34.0	84
43	65.2	82
43	-42.0	83
43	-9.0	84
44	31.3	71
44	-12.8	72
44	68.4	73
44	78.0	74
44	-19.6	75
44	8.8	76
44	4.2	77
44	-24.4	78
44	7.8	79
44	421.5	80
44	75.1	81
44	254.0	82
44	61.0	83
44	-73.0	84
45	2.9	71
45	63.9	72
45	68.0	73
45	97.0	74
45	23.3	75
45	-4.0	76
45	29.1	77
45	152.3	78
45	152.3	79
45	54.4	80
45	61.1	81
45	84.9	82
45	16.0	83
45	-30.0	84
46	74.4	73
46	64.0	74
46	-29.2	75
46	25.1	76
46	19.4	77
46	65.0	78
46	150.9	79
46	277.7	80
46	110.1	81
46	192.5	82
46	-22.0	83
46	-16.0	84
47	0.0	74
47	21.8	75
47	1.3	76
47	-45.8	77
47	124.3	78
47	117.9	79
47	236.3	80
47	173.3	81
47	111.0	82
47	-26.0	83
47	9.0	84
48	175.0	83
48	-2.0	84
49	-21.7	71
49	77.6	72
49	89.6	73
49	86.8	74
49	-19.1	75
49	0.0	76
49	17.3	77
49	90.5	78
49	121.3	79
49	153.0	80
49	139.6	81
49	266.2	82
49	-26.0	83
49	-23.0	84
50	27.9	82
50	-16.0	83
50	-15.0	84
51	-0.1	76
51	-8.3	77
51	184.0	78
51	126.8	79
51	84.3	80
51	107.7	81
51	-27.7	82
51	32.0	83
51	0.0	84
52	0.0	76
52	0.0	77
52	0.0	78
52	0.0	79
52	142.8	80
52	1046.3	81
52	234.7	82
52	-33.0	83
52	-28.0	84
53	10.1	82
53	-23.0	83
53	-46.0	84
54	412.0	83
54	37.0	84
55	0.0	74
55	75.5	75
55	0.0	76
55	-38.2	77
55	0.1	78
55	560.6	79
55	127.9	80
55	226.8	81
55	-16.3	82
55	25.0	83
55	-18.0	84
56	90.4	74
56	-34.1	75
56	10.7	76
56	14.5	77
56	208.6	78
56	193.6	79
56	70.7	80
56	15.3	81
56	36.2	82
56	57.0	83
56	-43.0	84
57	20.2	76
57	0.0	77
57	37.3	78
57	21.5	79
57	0.0	80
57	53.5	81
57	45.4	82
57	-32.0	83
57	-45.0	84
58	21.4	73
58	42.9	74
58	107.9	75
58	8.2	76
58	-4.0	77
58	36.0	78
58	73.5	79
58	42.5	80
58	16.6	81
58	313.5	82
58	63.0	83
58	11.0	84
59	21.6	75
59	-4.6	76
59	-32.4	77
59	7.3	78
59	87.6	79
59	442.2	80
59	125.6	81
59	172.8	82
59	37.0	83
59	-46.0	84
60	0.0	74
60	0.0	75
60	0.0	76
60	0.0	77
60	-34.5	78
60	0.0	79
60	153.9	80
60	81.8	81
60	67.4	82
60	-39.0	83
60	-45.0	84
61	167.9	82
61	-5.0	83
61	56.0	84
62	515.0	83
62	-49.0	84
